 0.00000000e+00 -1.80278000e-04 
 1.00000000e-10 -1.80278000e-04 
 2.00000000e-10 -1.80278000e-04 
 4.00000000e-10 -1.80278000e-04 
 8.00000000e-10 -1.80278000e-04 
 1.60000000e-09 -1.80278000e-04 
 3.20000000e-09 -1.80278000e-04 
 6.40000000e-09 -1.80278000e-04 
 1.28000000e-08 -1.80278000e-04 
 2.28000000e-08 -1.80278000e-04 
 3.28000000e-08 -1.80278000e-04 
 4.28000000e-08 -1.80278000e-04 
 5.28000000e-08 -1.80278000e-04 
 6.28000000e-08 -1.80278000e-04 
 7.28000000e-08 -1.80278000e-04 
 8.28000000e-08 -1.80278000e-04 
 9.28000000e-08 -1.80278000e-04 
 1.02800000e-07 -1.80278000e-04 
 1.12800000e-07 -1.80278000e-04 
 1.22800000e-07 -1.80278000e-04 
 1.32800000e-07 -1.80278000e-04 
 1.42800000e-07 -1.80278000e-04 
 1.52800000e-07 -1.80278000e-04 
 1.62800000e-07 -1.80278000e-04 
 1.72800000e-07 -1.80278000e-04 
 1.82800000e-07 -1.80278000e-04 
 1.92800000e-07 -1.80278000e-04 
 2.02800000e-07 -1.80278000e-04 
 2.12800000e-07 -1.80278000e-04 
 2.22800000e-07 -1.80278000e-04 
 2.32800000e-07 -1.80278000e-04 
 2.42800000e-07 -1.80278000e-04 
 2.52800000e-07 -1.80278000e-04 
 2.62800000e-07 -1.80278000e-04 
 2.72800000e-07 -1.80278000e-04 
 2.82800000e-07 -1.80278000e-04 
 2.92800000e-07 -1.80278000e-04 
 3.02800000e-07 -1.80278000e-04 
 3.12800000e-07 -1.80278000e-04 
 3.22800000e-07 -1.80278000e-04 
 3.32800000e-07 -1.80278000e-04 
 3.42800000e-07 -1.80278000e-04 
 3.52800000e-07 -1.80278000e-04 
 3.62800000e-07 -1.80278000e-04 
 3.72800000e-07 -1.80278000e-04 
 3.82800000e-07 -1.80278000e-04 
 3.92800000e-07 -1.80278000e-04 
 4.02800000e-07 -1.80278000e-04 
 4.12800000e-07 -1.80278000e-04 
 4.22800000e-07 -1.80278000e-04 
 4.32800000e-07 -1.80278000e-04 
 4.42800000e-07 -1.80278000e-04 
 4.52800000e-07 -1.80278000e-04 
 4.62800000e-07 -1.80278000e-04 
 4.72800000e-07 -1.80278000e-04 
 4.82800000e-07 -1.80278000e-04 
 4.92800000e-07 -1.80278000e-04 
 5.02800000e-07 -1.80278000e-04 
 5.12800000e-07 -1.80278000e-04 
 5.22800000e-07 -1.80278000e-04 
 5.32800000e-07 -1.80278000e-04 
 5.42800000e-07 -1.80278000e-04 
 5.52800000e-07 -1.80278000e-04 
 5.62800000e-07 -1.80278000e-04 
 5.72800000e-07 -1.80278000e-04 
 5.82800000e-07 -1.80278000e-04 
 5.92800000e-07 -1.80278000e-04 
 6.02800000e-07 -1.80278000e-04 
 6.12800000e-07 -1.80278000e-04 
 6.22800000e-07 -1.80278000e-04 
 6.32800000e-07 -1.80278000e-04 
 6.42800000e-07 -1.80278000e-04 
 6.52800000e-07 -1.80278000e-04 
 6.62800000e-07 -1.80278000e-04 
 6.72800000e-07 -1.80278000e-04 
 6.82800000e-07 -1.80278000e-04 
 6.92800000e-07 -1.80278000e-04 
 7.02800000e-07 -1.80278000e-04 
 7.12800000e-07 -1.80278000e-04 
 7.22800000e-07 -1.80278000e-04 
 7.32800000e-07 -1.80278000e-04 
 7.42800000e-07 -1.80278000e-04 
 7.52800000e-07 -1.80278000e-04 
 7.62800000e-07 -1.80278000e-04 
 7.72800000e-07 -1.80278000e-04 
 7.82800000e-07 -1.80278000e-04 
 7.92800000e-07 -1.80278000e-04 
 8.02800000e-07 -1.80278000e-04 
 8.12800000e-07 -1.80278000e-04 
 8.22800000e-07 -1.80278000e-04 
 8.32800000e-07 -1.80278000e-04 
 8.42800000e-07 -1.80278000e-04 
 8.52800000e-07 -1.80278000e-04 
 8.62800000e-07 -1.80278000e-04 
 8.72800000e-07 -1.80278000e-04 
 8.82800000e-07 -1.80278000e-04 
 8.92800000e-07 -1.80278000e-04 
 9.02800000e-07 -1.80278000e-04 
 9.12800000e-07 -1.80278000e-04 
 9.22800000e-07 -1.80278000e-04 
 9.32800000e-07 -1.80278000e-04 
 9.42800000e-07 -1.80278000e-04 
 9.52800000e-07 -1.80278000e-04 
 9.62800000e-07 -1.80278000e-04 
 9.72800000e-07 -1.80278000e-04 
 9.82800000e-07 -1.80278000e-04 
 9.92800000e-07 -1.80278000e-04 
 1.00000000e-06 -1.80278000e-04 
 1.00100000e-06 -1.80278000e-04 
 1.00300000e-06 -1.80278000e-04 
 1.00700000e-06 -1.80278000e-04 
 1.01500000e-06 -1.80278000e-04 
 1.02500000e-06 -1.80278000e-04 
 1.03500000e-06 -1.80278000e-04 
 1.04500000e-06 -1.80278000e-04 
 1.05500000e-06 -1.80278000e-04 
 1.06500000e-06 -1.80278000e-04 
 1.07500000e-06 -1.80278000e-04 
 1.08500000e-06 -1.80278000e-04 
 1.09500000e-06 -1.80278000e-04 
 1.10500000e-06 -1.80278000e-04 
 1.11500000e-06 -1.80278000e-04 
 1.12500000e-06 -1.80278000e-04 
 1.13500000e-06 -1.80278000e-04 
 1.14500000e-06 -1.80278000e-04 
 1.15500000e-06 -1.80278000e-04 
 1.16500000e-06 -1.80278000e-04 
 1.17500000e-06 -1.80278000e-04 
 1.18500000e-06 -1.80278000e-04 
 1.19500000e-06 -1.80278000e-04 
 1.20500000e-06 -1.80278000e-04 
 1.21500000e-06 -1.80278000e-04 
 1.22500000e-06 -1.80278000e-04 
 1.23500000e-06 -1.80278000e-04 
 1.24500000e-06 -1.80278000e-04 
 1.25500000e-06 -1.80278000e-04 
 1.26500000e-06 -1.80278000e-04 
 1.27500000e-06 -1.80278000e-04 
 1.28500000e-06 -1.80278000e-04 
 1.29500000e-06 -1.80278000e-04 
 1.30500000e-06 -1.80278000e-04 
 1.31500000e-06 -1.80278000e-04 
 1.32500000e-06 -1.80278000e-04 
 1.33500000e-06 -1.80278000e-04 
 1.34500000e-06 -1.80278000e-04 
 1.35500000e-06 -1.80278000e-04 
 1.36500000e-06 -1.80278000e-04 
 1.37500000e-06 -1.80278000e-04 
 1.38500000e-06 -1.80278000e-04 
 1.39500000e-06 -1.80278000e-04 
 1.40500000e-06 -1.80278000e-04 
 1.41500000e-06 -1.80278000e-04 
 1.42500000e-06 -1.80278000e-04 
 1.43500000e-06 -1.80278000e-04 
 1.44500000e-06 -1.80278000e-04 
 1.45500000e-06 -1.80278000e-04 
 1.46500000e-06 -1.80278000e-04 
 1.47500000e-06 -1.80278000e-04 
 1.48500000e-06 -1.80278000e-04 
 1.49500000e-06 -1.80278000e-04 
 1.50500000e-06 -1.80278000e-04 
 1.51500000e-06 -1.80278000e-04 
 1.52500000e-06 -1.80278000e-04 
 1.53500000e-06 -1.80278000e-04 
 1.54500000e-06 -1.80278000e-04 
 1.55500000e-06 -1.80278000e-04 
 1.56500000e-06 -1.80278000e-04 
 1.57500000e-06 -1.80278000e-04 
 1.58500000e-06 -1.80278000e-04 
 1.59500000e-06 -1.80278000e-04 
 1.60500000e-06 -1.80278000e-04 
 1.61500000e-06 -1.80278000e-04 
 1.62500000e-06 -1.80278000e-04 
 1.63500000e-06 -1.80278000e-04 
 1.64500000e-06 -1.80278000e-04 
 1.65500000e-06 -1.80278000e-04 
 1.66500000e-06 -1.80278000e-04 
 1.67500000e-06 -1.80278000e-04 
 1.68500000e-06 -1.80278000e-04 
 1.69500000e-06 -1.80278000e-04 
 1.70500000e-06 -1.80278000e-04 
 1.71500000e-06 -1.80278000e-04 
 1.72500000e-06 -1.80278000e-04 
 1.73500000e-06 -1.80278000e-04 
 1.74500000e-06 -1.80278000e-04 
 1.75500000e-06 -1.80278000e-04 
 1.76500000e-06 -1.80278000e-04 
 1.77500000e-06 -1.80278000e-04 
 1.78500000e-06 -1.80278000e-04 
 1.79500000e-06 -1.80278000e-04 
 1.80500000e-06 -1.80278000e-04 
 1.81500000e-06 -1.80278000e-04 
 1.82500000e-06 -1.80278000e-04 
 1.83500000e-06 -1.80278000e-04 
 1.84500000e-06 -1.80278000e-04 
 1.85500000e-06 -1.80278000e-04 
 1.86500000e-06 -1.80278000e-04 
 1.87500000e-06 -1.80278000e-04 
 1.88500000e-06 -1.80278000e-04 
 1.89500000e-06 -1.80278000e-04 
 1.90500000e-06 -1.80278000e-04 
 1.91500000e-06 -1.80278000e-04 
 1.92500000e-06 -1.80278000e-04 
 1.93500000e-06 -1.80278000e-04 
 1.94500000e-06 -1.80278000e-04 
 1.95500000e-06 -1.80278000e-04 
 1.96500000e-06 -1.80278000e-04 
 1.97500000e-06 -1.80278000e-04 
 1.98500000e-06 -1.80278000e-04 
 1.99500000e-06 -1.80278000e-04 
 2.00000000e-06 -1.80278000e-04 
 2.00100000e-06 -1.80278000e-04 
 2.00300000e-06 -1.80278000e-04 
 2.00700000e-06 -1.80278000e-04 
 2.01500000e-06 -1.80278000e-04 
 2.02500000e-06 -1.80278000e-04 
 2.03500000e-06 -1.80278000e-04 
 2.04500000e-06 -1.80278000e-04 
 2.05500000e-06 -1.80278000e-04 
 2.06500000e-06 -1.80278000e-04 
 2.07500000e-06 -1.80278000e-04 
 2.08500000e-06 -1.80278000e-04 
 2.09500000e-06 -1.80278000e-04 
 2.10500000e-06 -1.80278000e-04 
 2.11500000e-06 -1.80278000e-04 
 2.12500000e-06 -1.80278000e-04 
 2.13500000e-06 -1.80278000e-04 
 2.14500000e-06 -1.80278000e-04 
 2.15500000e-06 -1.80278000e-04 
 2.16500000e-06 -1.80278000e-04 
 2.17500000e-06 -1.80278000e-04 
 2.18500000e-06 -1.80278000e-04 
 2.19500000e-06 -1.80278000e-04 
 2.20500000e-06 -1.80278000e-04 
 2.21500000e-06 -1.80278000e-04 
 2.22500000e-06 -1.80278000e-04 
 2.23500000e-06 -1.80278000e-04 
 2.24500000e-06 -1.80278000e-04 
 2.25500000e-06 -1.80278000e-04 
 2.26500000e-06 -1.80278000e-04 
 2.27500000e-06 -1.80278000e-04 
 2.28500000e-06 -1.80278000e-04 
 2.29500000e-06 -1.80278000e-04 
 2.30500000e-06 -1.80278000e-04 
 2.31500000e-06 -1.80278000e-04 
 2.32500000e-06 -1.80278000e-04 
 2.33500000e-06 -1.80278000e-04 
 2.34500000e-06 -1.80278000e-04 
 2.35500000e-06 -1.80278000e-04 
 2.36500000e-06 -1.80278000e-04 
 2.37500000e-06 -1.80278000e-04 
 2.38500000e-06 -1.80278000e-04 
 2.39500000e-06 -1.80278000e-04 
 2.40500000e-06 -1.80278000e-04 
 2.41500000e-06 -1.80278000e-04 
 2.42500000e-06 -1.80278000e-04 
 2.43500000e-06 -1.80278000e-04 
 2.44500000e-06 -1.80278000e-04 
 2.45500000e-06 -1.80278000e-04 
 2.46500000e-06 -1.80278000e-04 
 2.47500000e-06 -1.80278000e-04 
 2.48500000e-06 -1.80278000e-04 
 2.49500000e-06 -1.80278000e-04 
 2.50500000e-06 -1.80278000e-04 
 2.51500000e-06 -1.80278000e-04 
 2.52500000e-06 -1.80278000e-04 
 2.53500000e-06 -1.80278000e-04 
 2.54500000e-06 -1.80278000e-04 
 2.55500000e-06 -1.80278000e-04 
 2.56500000e-06 -1.80278000e-04 
 2.57500000e-06 -1.80278000e-04 
 2.58500000e-06 -1.80278000e-04 
 2.59500000e-06 -1.80278000e-04 
 2.60500000e-06 -1.80278000e-04 
 2.61500000e-06 -1.80278000e-04 
 2.62500000e-06 -1.80278000e-04 
 2.63500000e-06 -1.80278000e-04 
 2.64500000e-06 -1.80278000e-04 
 2.65500000e-06 -1.80278000e-04 
 2.66500000e-06 -1.80278000e-04 
 2.67500000e-06 -1.80278000e-04 
 2.68500000e-06 -1.80278000e-04 
 2.69500000e-06 -1.80278000e-04 
 2.70500000e-06 -1.80278000e-04 
 2.71500000e-06 -1.80278000e-04 
 2.72500000e-06 -1.80278000e-04 
 2.73500000e-06 -1.80278000e-04 
 2.74500000e-06 -1.80278000e-04 
 2.75500000e-06 -1.80278000e-04 
 2.76500000e-06 -1.80278000e-04 
 2.77500000e-06 -1.80278000e-04 
 2.78500000e-06 -1.80278000e-04 
 2.79500000e-06 -1.80278000e-04 
 2.80500000e-06 -1.80278000e-04 
 2.81500000e-06 -1.80278000e-04 
 2.82500000e-06 -1.80278000e-04 
 2.83500000e-06 -1.80278000e-04 
 2.84500000e-06 -1.80278000e-04 
 2.85500000e-06 -1.80278000e-04 
 2.86500000e-06 -1.80278000e-04 
 2.87500000e-06 -1.80278000e-04 
 2.88500000e-06 -1.80278000e-04 
 2.89500000e-06 -1.80278000e-04 
 2.90500000e-06 -1.80278000e-04 
 2.91500000e-06 -1.80278000e-04 
 2.92500000e-06 -1.80278000e-04 
 2.93500000e-06 -1.80278000e-04 
 2.94500000e-06 -1.80278000e-04 
 2.95500000e-06 -1.80278000e-04 
 2.96500000e-06 -1.80278000e-04 
 2.97500000e-06 -1.80278000e-04 
 2.98500000e-06 -1.80278000e-04 
 2.99500000e-06 -1.80278000e-04 
 3.00000000e-06 -1.80278000e-04 
 3.00100000e-06 -1.80278000e-04 
 3.00300000e-06 -1.80278000e-04 
 3.00700000e-06 -1.80278000e-04 
 3.01500000e-06 -1.80278000e-04 
 3.02500000e-06 -1.80278000e-04 
 3.03500000e-06 -1.80278000e-04 
 3.04500000e-06 -1.80278000e-04 
 3.05500000e-06 -1.80278000e-04 
 3.06500000e-06 -1.80278000e-04 
 3.07500000e-06 -1.80278000e-04 
 3.08500000e-06 -1.80278000e-04 
 3.09500000e-06 -1.80278000e-04 
 3.10500000e-06 -1.80278000e-04 
 3.11500000e-06 -1.80278000e-04 
 3.12500000e-06 -1.80278000e-04 
 3.13500000e-06 -1.80278000e-04 
 3.14500000e-06 -1.80278000e-04 
 3.15500000e-06 -1.80278000e-04 
 3.16500000e-06 -1.80278000e-04 
 3.17500000e-06 -1.80278000e-04 
 3.18500000e-06 -1.80278000e-04 
 3.19500000e-06 -1.80278000e-04 
 3.20500000e-06 -1.80278000e-04 
 3.21500000e-06 -1.80278000e-04 
 3.22500000e-06 -1.80278000e-04 
 3.23500000e-06 -1.80278000e-04 
 3.24500000e-06 -1.80278000e-04 
 3.25500000e-06 -1.80278000e-04 
 3.26500000e-06 -1.80278000e-04 
 3.27500000e-06 -1.80278000e-04 
 3.28500000e-06 -1.80278000e-04 
 3.29500000e-06 -1.80278000e-04 
 3.30500000e-06 -1.80278000e-04 
 3.31500000e-06 -1.80278000e-04 
 3.32500000e-06 -1.80278000e-04 
 3.33500000e-06 -1.80278000e-04 
 3.34500000e-06 -1.80278000e-04 
 3.35500000e-06 -1.80278000e-04 
 3.36500000e-06 -1.80278000e-04 
 3.37500000e-06 -1.80278000e-04 
 3.38500000e-06 -1.80278000e-04 
 3.39500000e-06 -1.80278000e-04 
 3.40500000e-06 -1.80278000e-04 
 3.41500000e-06 -1.80278000e-04 
 3.42500000e-06 -1.80278000e-04 
 3.43500000e-06 -1.80278000e-04 
 3.44500000e-06 -1.80278000e-04 
 3.45500000e-06 -1.80278000e-04 
 3.46500000e-06 -1.80278000e-04 
 3.47500000e-06 -1.80278000e-04 
 3.48500000e-06 -1.80278000e-04 
 3.49500000e-06 -1.80278000e-04 
 3.50500000e-06 -1.80278000e-04 
 3.51500000e-06 -1.80278000e-04 
 3.52500000e-06 -1.80278000e-04 
 3.53500000e-06 -1.80278000e-04 
 3.54500000e-06 -1.80278000e-04 
 3.55500000e-06 -1.80278000e-04 
 3.56500000e-06 -1.80278000e-04 
 3.57500000e-06 -1.80278000e-04 
 3.58500000e-06 -1.80278000e-04 
 3.59500000e-06 -1.80278000e-04 
 3.60500000e-06 -1.80278000e-04 
 3.61500000e-06 -1.80278000e-04 
 3.62500000e-06 -1.80278000e-04 
 3.63500000e-06 -1.80278000e-04 
 3.64500000e-06 -1.80278000e-04 
 3.65500000e-06 -1.80278000e-04 
 3.66500000e-06 -1.80278000e-04 
 3.67500000e-06 -1.80278000e-04 
 3.68500000e-06 -1.80278000e-04 
 3.69500000e-06 -1.80278000e-04 
 3.70500000e-06 -1.80278000e-04 
 3.71500000e-06 -1.80278000e-04 
 3.72500000e-06 -1.80278000e-04 
 3.73500000e-06 -1.80278000e-04 
 3.74500000e-06 -1.80278000e-04 
 3.75500000e-06 -1.80278000e-04 
 3.76500000e-06 -1.80278000e-04 
 3.77500000e-06 -1.80278000e-04 
 3.78500000e-06 -1.80278000e-04 
 3.79500000e-06 -1.80278000e-04 
 3.80500000e-06 -1.80278000e-04 
 3.81500000e-06 -1.80278000e-04 
 3.82500000e-06 -1.80278000e-04 
 3.83500000e-06 -1.80278000e-04 
 3.84500000e-06 -1.80278000e-04 
 3.85500000e-06 -1.80278000e-04 
 3.86500000e-06 -1.80278000e-04 
 3.87500000e-06 -1.80278000e-04 
 3.88500000e-06 -1.80278000e-04 
 3.89500000e-06 -1.80278000e-04 
 3.90500000e-06 -1.80278000e-04 
 3.91500000e-06 -1.80278000e-04 
 3.92500000e-06 -1.80278000e-04 
 3.93500000e-06 -1.80278000e-04 
 3.94500000e-06 -1.80278000e-04 
 3.95500000e-06 -1.80278000e-04 
 3.96500000e-06 -1.80278000e-04 
 3.97500000e-06 -1.80278000e-04 
 3.98500000e-06 -1.80278000e-04 
 3.99500000e-06 -1.80278000e-04 
 4.00000000e-06 -1.80278000e-04 
 4.00100000e-06 -1.80278000e-04 
 4.00300000e-06 -1.80278000e-04 
 4.00700000e-06 -1.80278000e-04 
 4.01500000e-06 -1.80278000e-04 
 4.02500000e-06 -1.80278000e-04 
 4.03500000e-06 -1.80278000e-04 
 4.04500000e-06 -1.80278000e-04 
 4.05500000e-06 -1.80278000e-04 
 4.06500000e-06 -1.80278000e-04 
 4.07500000e-06 -1.80278000e-04 
 4.08500000e-06 -1.80278000e-04 
 4.09500000e-06 -1.80278000e-04 
 4.10500000e-06 -1.80278000e-04 
 4.11500000e-06 -1.80278000e-04 
 4.12500000e-06 -1.80278000e-04 
 4.13500000e-06 -1.80278000e-04 
 4.14500000e-06 -1.80278000e-04 
 4.15500000e-06 -1.80278000e-04 
 4.16500000e-06 -1.80278000e-04 
 4.17500000e-06 -1.80278000e-04 
 4.18500000e-06 -1.80278000e-04 
 4.19500000e-06 -1.80278000e-04 
 4.20500000e-06 -1.80278000e-04 
 4.21500000e-06 -1.80278000e-04 
 4.22500000e-06 -1.80278000e-04 
 4.23500000e-06 -1.80278000e-04 
 4.24500000e-06 -1.80278000e-04 
 4.25500000e-06 -1.80278000e-04 
 4.26500000e-06 -1.80278000e-04 
 4.27500000e-06 -1.80278000e-04 
 4.28500000e-06 -1.80278000e-04 
 4.29500000e-06 -1.80278000e-04 
 4.30500000e-06 -1.80278000e-04 
 4.31500000e-06 -1.80278000e-04 
 4.32500000e-06 -1.80278000e-04 
 4.33500000e-06 -1.80278000e-04 
 4.34500000e-06 -1.80278000e-04 
 4.35500000e-06 -1.80278000e-04 
 4.36500000e-06 -1.80278000e-04 
 4.37500000e-06 -1.80278000e-04 
 4.38500000e-06 -1.80278000e-04 
 4.39500000e-06 -1.80278000e-04 
 4.40500000e-06 -1.80278000e-04 
 4.41500000e-06 -1.80278000e-04 
 4.42500000e-06 -1.80278000e-04 
 4.43500000e-06 -1.80278000e-04 
 4.44500000e-06 -1.80278000e-04 
 4.45500000e-06 -1.80278000e-04 
 4.46500000e-06 -1.80278000e-04 
 4.47500000e-06 -1.80278000e-04 
 4.48500000e-06 -1.80278000e-04 
 4.49500000e-06 -1.80278000e-04 
 4.50500000e-06 -1.80278000e-04 
 4.51500000e-06 -1.80278000e-04 
 4.52500000e-06 -1.80278000e-04 
 4.53500000e-06 -1.80278000e-04 
 4.54500000e-06 -1.80278000e-04 
 4.55500000e-06 -1.80278000e-04 
 4.56500000e-06 -1.80278000e-04 
 4.57500000e-06 -1.80278000e-04 
 4.58500000e-06 -1.80278000e-04 
 4.59500000e-06 -1.80278000e-04 
 4.60500000e-06 -1.80278000e-04 
 4.61500000e-06 -1.80278000e-04 
 4.62500000e-06 -1.80278000e-04 
 4.63500000e-06 -1.80278000e-04 
 4.64500000e-06 -1.80278000e-04 
 4.65500000e-06 -1.80278000e-04 
 4.66500000e-06 -1.80278000e-04 
 4.67500000e-06 -1.80278000e-04 
 4.68500000e-06 -1.80278000e-04 
 4.69500000e-06 -1.80278000e-04 
 4.70500000e-06 -1.80278000e-04 
 4.71500000e-06 -1.80278000e-04 
 4.72500000e-06 -1.80278000e-04 
 4.73500000e-06 -1.80278000e-04 
 4.74500000e-06 -1.80278000e-04 
 4.75500000e-06 -1.80278000e-04 
 4.76500000e-06 -1.80278000e-04 
 4.77500000e-06 -1.80278000e-04 
 4.78500000e-06 -1.80278000e-04 
 4.79500000e-06 -1.80278000e-04 
 4.80500000e-06 -1.80278000e-04 
 4.81500000e-06 -1.80278000e-04 
 4.82500000e-06 -1.80278000e-04 
 4.83500000e-06 -1.80278000e-04 
 4.84500000e-06 -1.80278000e-04 
 4.85500000e-06 -1.80278000e-04 
 4.86500000e-06 -1.80278000e-04 
 4.87500000e-06 -1.80278000e-04 
 4.88500000e-06 -1.80278000e-04 
 4.89500000e-06 -1.80278000e-04 
 4.90500000e-06 -1.80278000e-04 
 4.91500000e-06 -1.80278000e-04 
 4.92500000e-06 -1.80278000e-04 
 4.93500000e-06 -1.80278000e-04 
 4.94500000e-06 -1.80278000e-04 
 4.95500000e-06 -1.80278000e-04 
 4.96500000e-06 -1.80278000e-04 
 4.97500000e-06 -1.80278000e-04 
 4.98500000e-06 -1.80278000e-04 
 4.99500000e-06 -1.80278000e-04 
 5.00500000e-06 -1.80278000e-04 
 5.01500000e-06 -1.80278000e-04 
 5.02500000e-06 -1.80278000e-04 
 5.03500000e-06 -1.80278000e-04 
 5.04500000e-06 -1.80278000e-04 
 5.05500000e-06 -1.80278000e-04 
 5.06500000e-06 -1.80278000e-04 
 5.07500000e-06 -1.80278000e-04 
 5.08500000e-06 -1.80278000e-04 
 5.09500000e-06 -1.80278000e-04 
 5.10500000e-06 -1.80278000e-04 
 5.11500000e-06 -1.80278000e-04 
 5.12500000e-06 -1.80278000e-04 
 5.13500000e-06 -1.80278000e-04 
 5.14500000e-06 -1.80278000e-04 
 5.15500000e-06 -1.80278000e-04 
 5.16500000e-06 -1.80278000e-04 
 5.17500000e-06 -1.80278000e-04 
 5.18500000e-06 -1.80278000e-04 
 5.19500000e-06 -1.80278000e-04 
 5.20500000e-06 -1.80278000e-04 
 5.21500000e-06 -1.80278000e-04 
 5.22500000e-06 -1.80278000e-04 
 5.23500000e-06 -1.80278000e-04 
 5.24500000e-06 -1.80278000e-04 
 5.25500000e-06 -1.80278000e-04 
 5.26500000e-06 -1.80278000e-04 
 5.27500000e-06 -1.80278000e-04 
 5.28500000e-06 -1.80278000e-04 
 5.29500000e-06 -1.80278000e-04 
 5.30500000e-06 -1.80278000e-04 
 5.31500000e-06 -1.80278000e-04 
 5.32500000e-06 -1.80278000e-04 
 5.33500000e-06 -1.80278000e-04 
 5.34500000e-06 -1.80278000e-04 
 5.35500000e-06 -1.80278000e-04 
 5.36500000e-06 -1.80278000e-04 
 5.37500000e-06 -1.80278000e-04 
 5.38500000e-06 -1.80278000e-04 
 5.39500000e-06 -1.80278000e-04 
 5.40500000e-06 -1.80278000e-04 
 5.41500000e-06 -1.80278000e-04 
 5.42500000e-06 -1.80278000e-04 
 5.43500000e-06 -1.80278000e-04 
 5.44500000e-06 -1.80278000e-04 
 5.45500000e-06 -1.80278000e-04 
 5.46500000e-06 -1.80278000e-04 
 5.47500000e-06 -1.80278000e-04 
 5.48500000e-06 -1.80278000e-04 
 5.49500000e-06 -1.80278000e-04 
 5.50500000e-06 -1.80278000e-04 
 5.51500000e-06 -1.80278000e-04 
 5.52500000e-06 -1.80278000e-04 
 5.53500000e-06 -1.80278000e-04 
 5.54500000e-06 -1.80278000e-04 
 5.55500000e-06 -1.80278000e-04 
 5.56500000e-06 -1.80278000e-04 
 5.57500000e-06 -1.80278000e-04 
 5.58500000e-06 -1.80278000e-04 
 5.59500000e-06 -1.80278000e-04 
 5.60500000e-06 -1.80278000e-04 
 5.61500000e-06 -1.80278000e-04 
 5.62500000e-06 -1.80278000e-04 
 5.63500000e-06 -1.80278000e-04 
 5.64500000e-06 -1.80278000e-04 
 5.65500000e-06 -1.80278000e-04 
 5.66500000e-06 -1.80278000e-04 
 5.67500000e-06 -1.80278000e-04 
 5.68500000e-06 -1.80278000e-04 
 5.69500000e-06 -1.80278000e-04 
 5.70500000e-06 -1.80278000e-04 
 5.71500000e-06 -1.80278000e-04 
 5.72500000e-06 -1.80278000e-04 
 5.73500000e-06 -1.80278000e-04 
 5.74500000e-06 -1.80278000e-04 
 5.75500000e-06 -1.80278000e-04 
 5.76500000e-06 -1.80278000e-04 
 5.77500000e-06 -1.80278000e-04 
 5.78500000e-06 -1.80278000e-04 
 5.79500000e-06 -1.80278000e-04 
 5.80500000e-06 -1.80278000e-04 
 5.81500000e-06 -1.80278000e-04 
 5.82500000e-06 -1.80278000e-04 
 5.83500000e-06 -1.80278000e-04 
 5.84500000e-06 -1.80278000e-04 
 5.85500000e-06 -1.80278000e-04 
 5.86500000e-06 -1.80278000e-04 
 5.87500000e-06 -1.80278000e-04 
 5.88500000e-06 -1.80278000e-04 
 5.89500000e-06 -1.80278000e-04 
 5.90500000e-06 -1.80278000e-04 
 5.91500000e-06 -1.80278000e-04 
 5.92500000e-06 -1.80278000e-04 
 5.93500000e-06 -1.80278000e-04 
 5.94500000e-06 -1.80278000e-04 
 5.95500000e-06 -1.80278000e-04 
 5.96500000e-06 -1.80278000e-04 
 5.97500000e-06 -1.80278000e-04 
 5.98500000e-06 -1.80278000e-04 
 5.99500000e-06 -1.80278000e-04 
 6.00000000e-06 -1.80278000e-04 
 6.00100000e-06 -1.80278000e-04 
 6.00300000e-06 -1.80278000e-04 
 6.00700000e-06 -1.80278000e-04 
 6.01500000e-06 -1.80278000e-04 
 6.02500000e-06 -1.80278000e-04 
 6.03500000e-06 -1.80278000e-04 
 6.04500000e-06 -1.80278000e-04 
 6.05500000e-06 -1.80278000e-04 
 6.06500000e-06 -1.80278000e-04 
 6.07500000e-06 -1.80278000e-04 
 6.08500000e-06 -1.80278000e-04 
 6.09500000e-06 -1.80278000e-04 
 6.10500000e-06 -1.80278000e-04 
 6.11500000e-06 -1.80278000e-04 
 6.12500000e-06 -1.80278000e-04 
 6.13500000e-06 -1.80278000e-04 
 6.14500000e-06 -1.80278000e-04 
 6.15500000e-06 -1.80278000e-04 
 6.16500000e-06 -1.80278000e-04 
 6.17500000e-06 -1.80278000e-04 
 6.18500000e-06 -1.80278000e-04 
 6.19500000e-06 -1.80278000e-04 
 6.20500000e-06 -1.80278000e-04 
 6.21500000e-06 -1.80278000e-04 
 6.22500000e-06 -1.80278000e-04 
 6.23500000e-06 -1.80278000e-04 
 6.24500000e-06 -1.80278000e-04 
 6.25500000e-06 -1.80278000e-04 
 6.26500000e-06 -1.80278000e-04 
 6.27500000e-06 -1.80278000e-04 
 6.28500000e-06 -1.80278000e-04 
 6.29500000e-06 -1.80278000e-04 
 6.30500000e-06 -1.80278000e-04 
 6.31500000e-06 -1.80278000e-04 
 6.32500000e-06 -1.80278000e-04 
 6.33500000e-06 -1.80278000e-04 
 6.34500000e-06 -1.80278000e-04 
 6.35500000e-06 -1.80278000e-04 
 6.36500000e-06 -1.80278000e-04 
 6.37500000e-06 -1.80278000e-04 
 6.38500000e-06 -1.80278000e-04 
 6.39500000e-06 -1.80278000e-04 
 6.40500000e-06 -1.80278000e-04 
 6.41500000e-06 -1.80278000e-04 
 6.42500000e-06 -1.80278000e-04 
 6.43500000e-06 -1.80278000e-04 
 6.44500000e-06 -1.80278000e-04 
 6.45500000e-06 -1.80278000e-04 
 6.46500000e-06 -1.80278000e-04 
 6.47500000e-06 -1.80278000e-04 
 6.48500000e-06 -1.80278000e-04 
 6.49500000e-06 -1.80278000e-04 
 6.50500000e-06 -1.80278000e-04 
 6.51500000e-06 -1.80278000e-04 
 6.52500000e-06 -1.80278000e-04 
 6.53500000e-06 -1.80278000e-04 
 6.54500000e-06 -1.80278000e-04 
 6.55500000e-06 -1.80278000e-04 
 6.56500000e-06 -1.80278000e-04 
 6.57500000e-06 -1.80278000e-04 
 6.58500000e-06 -1.80278000e-04 
 6.59500000e-06 -1.80278000e-04 
 6.60500000e-06 -1.80278000e-04 
 6.61500000e-06 -1.80278000e-04 
 6.62500000e-06 -1.80278000e-04 
 6.63500000e-06 -1.80278000e-04 
 6.64500000e-06 -1.80278000e-04 
 6.65500000e-06 -1.80278000e-04 
 6.66500000e-06 -1.80278000e-04 
 6.67500000e-06 -1.80278000e-04 
 6.68500000e-06 -1.80278000e-04 
 6.69500000e-06 -1.80278000e-04 
 6.70500000e-06 -1.80278000e-04 
 6.71500000e-06 -1.80278000e-04 
 6.72500000e-06 -1.80278000e-04 
 6.73500000e-06 -1.80278000e-04 
 6.74500000e-06 -1.80278000e-04 
 6.75500000e-06 -1.80278000e-04 
 6.76500000e-06 -1.80278000e-04 
 6.77500000e-06 -1.80278000e-04 
 6.78500000e-06 -1.80278000e-04 
 6.79500000e-06 -1.80278000e-04 
 6.80500000e-06 -1.80278000e-04 
 6.81500000e-06 -1.80278000e-04 
 6.82500000e-06 -1.80278000e-04 
 6.83500000e-06 -1.80278000e-04 
 6.84500000e-06 -1.80278000e-04 
 6.85500000e-06 -1.80278000e-04 
 6.86500000e-06 -1.80278000e-04 
 6.87500000e-06 -1.80278000e-04 
 6.88500000e-06 -1.80278000e-04 
 6.89500000e-06 -1.80278000e-04 
 6.90500000e-06 -1.80278000e-04 
 6.91500000e-06 -1.80278000e-04 
 6.92500000e-06 -1.80278000e-04 
 6.93500000e-06 -1.80278000e-04 
 6.94500000e-06 -1.80278000e-04 
 6.95500000e-06 -1.80278000e-04 
 6.96500000e-06 -1.80278000e-04 
 6.97500000e-06 -1.80278000e-04 
 6.98500000e-06 -1.80278000e-04 
 6.99500000e-06 -1.80278000e-04 
 7.00000000e-06 -1.80278000e-04 
 7.00100000e-06 -1.80278000e-04 
 7.00300000e-06 -1.80278000e-04 
 7.00700000e-06 -1.80278000e-04 
 7.01500000e-06 -1.80278000e-04 
 7.02500000e-06 -1.80278000e-04 
 7.03500000e-06 -1.80278000e-04 
 7.04500000e-06 -1.80278000e-04 
 7.05500000e-06 -1.80278000e-04 
 7.06500000e-06 -1.80278000e-04 
 7.07500000e-06 -1.80278000e-04 
 7.08500000e-06 -1.80278000e-04 
 7.09500000e-06 -1.80278000e-04 
 7.10500000e-06 -1.80278000e-04 
 7.11500000e-06 -1.80278000e-04 
 7.12500000e-06 -1.80278000e-04 
 7.13500000e-06 -1.80278000e-04 
 7.14500000e-06 -1.80278000e-04 
 7.15500000e-06 -1.80278000e-04 
 7.16500000e-06 -1.80278000e-04 
 7.17500000e-06 -1.80278000e-04 
 7.18500000e-06 -1.80278000e-04 
 7.19500000e-06 -1.80278000e-04 
 7.20500000e-06 -1.80278000e-04 
 7.21500000e-06 -1.80278000e-04 
 7.22500000e-06 -1.80278000e-04 
 7.23500000e-06 -1.80278000e-04 
 7.24500000e-06 -1.80278000e-04 
 7.25500000e-06 -1.80278000e-04 
 7.26500000e-06 -1.80278000e-04 
 7.27500000e-06 -1.80278000e-04 
 7.28500000e-06 -1.80278000e-04 
 7.29500000e-06 -1.80278000e-04 
 7.30500000e-06 -1.80278000e-04 
 7.31500000e-06 -1.80278000e-04 
 7.32500000e-06 -1.80278000e-04 
 7.33500000e-06 -1.80278000e-04 
 7.34500000e-06 -1.80278000e-04 
 7.35500000e-06 -1.80278000e-04 
 7.36500000e-06 -1.80278000e-04 
 7.37500000e-06 -1.80278000e-04 
 7.38500000e-06 -1.80278000e-04 
 7.39500000e-06 -1.80278000e-04 
 7.40500000e-06 -1.80278000e-04 
 7.41500000e-06 -1.80278000e-04 
 7.42500000e-06 -1.80278000e-04 
 7.43500000e-06 -1.80278000e-04 
 7.44500000e-06 -1.80278000e-04 
 7.45500000e-06 -1.80278000e-04 
 7.46500000e-06 -1.80278000e-04 
 7.47500000e-06 -1.80278000e-04 
 7.48500000e-06 -1.80278000e-04 
 7.49500000e-06 -1.80278000e-04 
 7.50500000e-06 -1.80278000e-04 
 7.51500000e-06 -1.80278000e-04 
 7.52500000e-06 -1.80278000e-04 
 7.53500000e-06 -1.80278000e-04 
 7.54500000e-06 -1.80278000e-04 
 7.55500000e-06 -1.80278000e-04 
 7.56500000e-06 -1.80278000e-04 
 7.57500000e-06 -1.80278000e-04 
 7.58500000e-06 -1.80278000e-04 
 7.59500000e-06 -1.80278000e-04 
 7.60500000e-06 -1.80278000e-04 
 7.61500000e-06 -1.80278000e-04 
 7.62500000e-06 -1.80278000e-04 
 7.63500000e-06 -1.80278000e-04 
 7.64500000e-06 -1.80278000e-04 
 7.65500000e-06 -1.80278000e-04 
 7.66500000e-06 -1.80278000e-04 
 7.67500000e-06 -1.80278000e-04 
 7.68500000e-06 -1.80278000e-04 
 7.69500000e-06 -1.80278000e-04 
 7.70500000e-06 -1.80278000e-04 
 7.71500000e-06 -1.80278000e-04 
 7.72500000e-06 -1.80278000e-04 
 7.73500000e-06 -1.80278000e-04 
 7.74500000e-06 -1.80278000e-04 
 7.75500000e-06 -1.80278000e-04 
 7.76500000e-06 -1.80278000e-04 
 7.77500000e-06 -1.80278000e-04 
 7.78500000e-06 -1.80278000e-04 
 7.79500000e-06 -1.80278000e-04 
 7.80500000e-06 -1.80278000e-04 
 7.81500000e-06 -1.80278000e-04 
 7.82500000e-06 -1.80278000e-04 
 7.83500000e-06 -1.80278000e-04 
 7.84500000e-06 -1.80278000e-04 
 7.85500000e-06 -1.80278000e-04 
 7.86500000e-06 -1.80278000e-04 
 7.87500000e-06 -1.80278000e-04 
 7.88500000e-06 -1.80278000e-04 
 7.89500000e-06 -1.80278000e-04 
 7.90500000e-06 -1.80278000e-04 
 7.91500000e-06 -1.80278000e-04 
 7.92500000e-06 -1.80278000e-04 
 7.93500000e-06 -1.80278000e-04 
 7.94500000e-06 -1.80278000e-04 
 7.95500000e-06 -1.80278000e-04 
 7.96500000e-06 -1.80278000e-04 
 7.97500000e-06 -1.80278000e-04 
 7.98500000e-06 -1.80278000e-04 
 7.99500000e-06 -1.80278000e-04 
 8.00000000e-06 -1.80278000e-04 
 8.00100000e-06 -1.80278000e-04 
 8.00300000e-06 -1.80278000e-04 
 8.00700000e-06 -1.80278000e-04 
 8.01500000e-06 -1.80278000e-04 
 8.02500000e-06 -1.80278000e-04 
 8.03500000e-06 -1.80278000e-04 
 8.04500000e-06 -1.80278000e-04 
 8.05500000e-06 -1.80278000e-04 
 8.06500000e-06 -1.80278000e-04 
 8.07500000e-06 -1.80278000e-04 
 8.08500000e-06 -1.80278000e-04 
 8.09500000e-06 -1.80278000e-04 
 8.10500000e-06 -1.80278000e-04 
 8.11500000e-06 -1.80278000e-04 
 8.12500000e-06 -1.80278000e-04 
 8.13500000e-06 -1.80278000e-04 
 8.14500000e-06 -1.80278000e-04 
 8.15500000e-06 -1.80278000e-04 
 8.16500000e-06 -1.80278000e-04 
 8.17500000e-06 -1.80278000e-04 
 8.18500000e-06 -1.80278000e-04 
 8.19500000e-06 -1.80278000e-04 
 8.20500000e-06 -1.80278000e-04 
 8.21500000e-06 -1.80278000e-04 
 8.22500000e-06 -1.80278000e-04 
 8.23500000e-06 -1.80278000e-04 
 8.24500000e-06 -1.80278000e-04 
 8.25500000e-06 -1.80278000e-04 
 8.26500000e-06 -1.80278000e-04 
 8.27500000e-06 -1.80278000e-04 
 8.28500000e-06 -1.80278000e-04 
 8.29500000e-06 -1.80278000e-04 
 8.30500000e-06 -1.80278000e-04 
 8.31500000e-06 -1.80278000e-04 
 8.32500000e-06 -1.80278000e-04 
 8.33500000e-06 -1.80278000e-04 
 8.34500000e-06 -1.80278000e-04 
 8.35500000e-06 -1.80278000e-04 
 8.36500000e-06 -1.80278000e-04 
 8.37500000e-06 -1.80278000e-04 
 8.38500000e-06 -1.80278000e-04 
 8.39500000e-06 -1.80278000e-04 
 8.40500000e-06 -1.80278000e-04 
 8.41500000e-06 -1.80278000e-04 
 8.42500000e-06 -1.80278000e-04 
 8.43500000e-06 -1.80278000e-04 
 8.44500000e-06 -1.80278000e-04 
 8.45500000e-06 -1.80278000e-04 
 8.46500000e-06 -1.80278000e-04 
 8.47500000e-06 -1.80278000e-04 
 8.48500000e-06 -1.80278000e-04 
 8.49500000e-06 -1.80278000e-04 
 8.50500000e-06 -1.80278000e-04 
 8.51500000e-06 -1.80278000e-04 
 8.52500000e-06 -1.80278000e-04 
 8.53500000e-06 -1.80278000e-04 
 8.54500000e-06 -1.80278000e-04 
 8.55500000e-06 -1.80278000e-04 
 8.56500000e-06 -1.80278000e-04 
 8.57500000e-06 -1.80278000e-04 
 8.58500000e-06 -1.80278000e-04 
 8.59500000e-06 -1.80278000e-04 
 8.60500000e-06 -1.80278000e-04 
 8.61500000e-06 -1.80278000e-04 
 8.62500000e-06 -1.80278000e-04 
 8.63500000e-06 -1.80278000e-04 
 8.64500000e-06 -1.80278000e-04 
 8.65500000e-06 -1.80278000e-04 
 8.66500000e-06 -1.80278000e-04 
 8.67500000e-06 -1.80278000e-04 
 8.68500000e-06 -1.80278000e-04 
 8.69500000e-06 -1.80278000e-04 
 8.70500000e-06 -1.80278000e-04 
 8.71500000e-06 -1.80278000e-04 
 8.72500000e-06 -1.80278000e-04 
 8.73500000e-06 -1.80278000e-04 
 8.74500000e-06 -1.80278000e-04 
 8.75500000e-06 -1.80278000e-04 
 8.76500000e-06 -1.80278000e-04 
 8.77500000e-06 -1.80278000e-04 
 8.78500000e-06 -1.80278000e-04 
 8.79500000e-06 -1.80278000e-04 
 8.80500000e-06 -1.80278000e-04 
 8.81500000e-06 -1.80278000e-04 
 8.82500000e-06 -1.80278000e-04 
 8.83500000e-06 -1.80278000e-04 
 8.84500000e-06 -1.80278000e-04 
 8.85500000e-06 -1.80278000e-04 
 8.86500000e-06 -1.80278000e-04 
 8.87500000e-06 -1.80278000e-04 
 8.88500000e-06 -1.80278000e-04 
 8.89500000e-06 -1.80278000e-04 
 8.90500000e-06 -1.80278000e-04 
 8.91500000e-06 -1.80278000e-04 
 8.92500000e-06 -1.80278000e-04 
 8.93500000e-06 -1.80278000e-04 
 8.94500000e-06 -1.80278000e-04 
 8.95500000e-06 -1.80278000e-04 
 8.96500000e-06 -1.80278000e-04 
 8.97500000e-06 -1.80278000e-04 
 8.98500000e-06 -1.80278000e-04 
 8.99500000e-06 -1.80278000e-04 
 9.00000000e-06 -1.80278000e-04 
 9.00100000e-06 -1.80278000e-04 
 9.00300000e-06 -1.80278000e-04 
 9.00700000e-06 -1.80278000e-04 
 9.01500000e-06 -1.80278000e-04 
 9.02500000e-06 -1.80278000e-04 
 9.03500000e-06 -1.80278000e-04 
 9.04500000e-06 -1.80278000e-04 
 9.05500000e-06 -1.80278000e-04 
 9.06500000e-06 -1.80278000e-04 
 9.07500000e-06 -1.80278000e-04 
 9.08500000e-06 -1.80278000e-04 
 9.09500000e-06 -1.80278000e-04 
 9.10500000e-06 -1.80278000e-04 
 9.11500000e-06 -1.80278000e-04 
 9.12500000e-06 -1.80278000e-04 
 9.13500000e-06 -1.80278000e-04 
 9.14500000e-06 -1.80278000e-04 
 9.15500000e-06 -1.80278000e-04 
 9.16500000e-06 -1.80278000e-04 
 9.17500000e-06 -1.80278000e-04 
 9.18500000e-06 -1.80278000e-04 
 9.19500000e-06 -1.80278000e-04 
 9.20500000e-06 -1.80278000e-04 
 9.21500000e-06 -1.80278000e-04 
 9.22500000e-06 -1.80278000e-04 
 9.23500000e-06 -1.80278000e-04 
 9.24500000e-06 -1.80278000e-04 
 9.25500000e-06 -1.80278000e-04 
 9.26500000e-06 -1.80278000e-04 
 9.27500000e-06 -1.80278000e-04 
 9.28500000e-06 -1.80278000e-04 
 9.29500000e-06 -1.80278000e-04 
 9.30500000e-06 -1.80278000e-04 
 9.31500000e-06 -1.80278000e-04 
 9.32500000e-06 -1.80278000e-04 
 9.33500000e-06 -1.80278000e-04 
 9.34500000e-06 -1.80278000e-04 
 9.35500000e-06 -1.80278000e-04 
 9.36500000e-06 -1.80278000e-04 
 9.37500000e-06 -1.80278000e-04 
 9.38500000e-06 -1.80278000e-04 
 9.39500000e-06 -1.80278000e-04 
 9.40500000e-06 -1.80278000e-04 
 9.41500000e-06 -1.80278000e-04 
 9.42500000e-06 -1.80278000e-04 
 9.43500000e-06 -1.80278000e-04 
 9.44500000e-06 -1.80278000e-04 
 9.45500000e-06 -1.80278000e-04 
 9.46500000e-06 -1.80278000e-04 
 9.47500000e-06 -1.80278000e-04 
 9.48500000e-06 -1.80278000e-04 
 9.49500000e-06 -1.80278000e-04 
 9.50500000e-06 -1.80278000e-04 
 9.51500000e-06 -1.80278000e-04 
 9.52500000e-06 -1.80278000e-04 
 9.53500000e-06 -1.80278000e-04 
 9.54500000e-06 -1.80278000e-04 
 9.55500000e-06 -1.80278000e-04 
 9.56500000e-06 -1.80278000e-04 
 9.57500000e-06 -1.80278000e-04 
 9.58500000e-06 -1.80278000e-04 
 9.59500000e-06 -1.80278000e-04 
 9.60500000e-06 -1.80278000e-04 
 9.61500000e-06 -1.80278000e-04 
 9.62500000e-06 -1.80278000e-04 
 9.63500000e-06 -1.80278000e-04 
 9.64500000e-06 -1.80278000e-04 
 9.65500000e-06 -1.80278000e-04 
 9.66500000e-06 -1.80278000e-04 
 9.67500000e-06 -1.80278000e-04 
 9.68500000e-06 -1.80278000e-04 
 9.69500000e-06 -1.80278000e-04 
 9.70500000e-06 -1.80278000e-04 
 9.71500000e-06 -1.80278000e-04 
 9.72500000e-06 -1.80278000e-04 
 9.73500000e-06 -1.80278000e-04 
 9.74500000e-06 -1.80278000e-04 
 9.75500000e-06 -1.80278000e-04 
 9.76500000e-06 -1.80278000e-04 
 9.77500000e-06 -1.80278000e-04 
 9.78500000e-06 -1.80278000e-04 
 9.79500000e-06 -1.80278000e-04 
 9.80500000e-06 -1.80278000e-04 
 9.81500000e-06 -1.80278000e-04 
 9.82500000e-06 -1.80278000e-04 
 9.83500000e-06 -1.80278000e-04 
 9.84500000e-06 -1.80278000e-04 
 9.85500000e-06 -1.80278000e-04 
 9.86500000e-06 -1.80278000e-04 
 9.87500000e-06 -1.80278000e-04 
 9.88500000e-06 -1.80278000e-04 
 9.89500000e-06 -1.80278000e-04 
 9.90500000e-06 -1.80278000e-04 
 9.91500000e-06 -1.80278000e-04 
 9.92500000e-06 -1.80278000e-04 
 9.93500000e-06 -1.80278000e-04 
 9.94500000e-06 -1.80278000e-04 
 9.95500000e-06 -1.80278000e-04 
 9.96500000e-06 -1.80278000e-04 
 9.97500000e-06 -1.80278000e-04 
 9.98500000e-06 -1.80278000e-04 
 9.99500000e-06 -1.80278000e-04 
 1.00000000e-05 -1.80278000e-04 
