 0.00000000e+00 -4.81329588e-07 
 1.00000000e-10 -4.81329587e-07 
 2.00000000e-10 -4.81329587e-07 
 4.00000000e-10 -4.81329587e-07 
 8.00000000e-10 -4.81329586e-07 
 1.60000000e-09 -4.81329586e-07 
 3.20000000e-09 -4.81329588e-07 
 6.40000000e-09 -4.81329589e-07 
 1.28000000e-08 -4.81329589e-07 
 2.28000000e-08 -4.81329589e-07 
 3.28000000e-08 -4.81329589e-07 
 4.28000000e-08 -4.81329588e-07 
 5.28000000e-08 -4.81329588e-07 
 6.28000000e-08 -4.81329588e-07 
 7.28000000e-08 -4.81329589e-07 
 8.28000000e-08 -4.81329588e-07 
 9.28000000e-08 -4.81329589e-07 
 1.02800000e-07 -4.81329588e-07 
 1.12800000e-07 -4.81329588e-07 
 1.22800000e-07 -4.81329589e-07 
 1.32800000e-07 -4.81329587e-07 
 1.42800000e-07 -4.81329588e-07 
 1.52800000e-07 -4.81329589e-07 
 1.62800000e-07 -4.81329588e-07 
 1.72800000e-07 -4.81329588e-07 
 1.82800000e-07 -4.81329589e-07 
 1.92800000e-07 -4.81329587e-07 
 2.02800000e-07 -4.81329589e-07 
 2.12800000e-07 -4.81329588e-07 
 2.22800000e-07 -4.81329588e-07 
 2.32800000e-07 -4.81329589e-07 
 2.42800000e-07 -4.81329588e-07 
 2.52800000e-07 -4.81329589e-07 
 2.62800000e-07 -4.81329588e-07 
 2.72800000e-07 -4.81329587e-07 
 2.82800000e-07 -4.81329588e-07 
 2.92800000e-07 -4.81329589e-07 
 3.02800000e-07 -4.81329588e-07 
 3.12800000e-07 -4.81329588e-07 
 3.22800000e-07 -4.81329589e-07 
 3.32800000e-07 -4.81329589e-07 
 3.42800000e-07 -4.81329589e-07 
 3.52800000e-07 -4.81329588e-07 
 3.62800000e-07 -4.81329589e-07 
 3.72800000e-07 -4.81329589e-07 
 3.82800000e-07 -4.81329588e-07 
 3.92800000e-07 -4.81329589e-07 
 4.02800000e-07 -4.81329589e-07 
 4.12800000e-07 -4.81329589e-07 
 4.22800000e-07 -4.81329588e-07 
 4.32800000e-07 -4.81329588e-07 
 4.42800000e-07 -4.81329588e-07 
 4.52800000e-07 -4.81329588e-07 
 4.62800000e-07 -4.81329588e-07 
 4.72800000e-07 -4.81329588e-07 
 4.82800000e-07 -4.81329588e-07 
 4.92800000e-07 -4.81329588e-07 
 5.02800000e-07 -4.81329589e-07 
 5.12800000e-07 -4.81329588e-07 
 5.22800000e-07 -4.81329588e-07 
 5.32800000e-07 -4.81329588e-07 
 5.42800000e-07 -4.81329588e-07 
 5.52800000e-07 -4.81329588e-07 
 5.62800000e-07 -4.81329589e-07 
 5.72800000e-07 -4.81329588e-07 
 5.82800000e-07 -4.81329588e-07 
 5.92800000e-07 -4.81329588e-07 
 6.02800000e-07 -4.81329588e-07 
 6.12800000e-07 -4.81329588e-07 
 6.22800000e-07 -4.81329588e-07 
 6.32800000e-07 -4.81329588e-07 
 6.42800000e-07 -4.81329588e-07 
 6.52800000e-07 -4.81329589e-07 
 6.62800000e-07 -4.81329588e-07 
 6.72800000e-07 -4.81329588e-07 
 6.82800000e-07 -4.81329589e-07 
 6.92800000e-07 -4.81329589e-07 
 7.02800000e-07 -4.81329589e-07 
 7.12800000e-07 -4.81329589e-07 
 7.22800000e-07 -4.81329588e-07 
 7.32800000e-07 -4.81329589e-07 
 7.42800000e-07 -4.81329588e-07 
 7.52800000e-07 -4.81329588e-07 
 7.62800000e-07 -4.81329588e-07 
 7.72800000e-07 -4.81329589e-07 
 7.82800000e-07 -4.81329588e-07 
 7.92800000e-07 -4.81329589e-07 
 8.02800000e-07 -4.81329588e-07 
 8.12800000e-07 -4.81329589e-07 
 8.22800000e-07 -4.81329589e-07 
 8.32800000e-07 -4.81329588e-07 
 8.42800000e-07 -4.81329589e-07 
 8.52800000e-07 -4.81329588e-07 
 8.62800000e-07 -4.81329588e-07 
 8.72800000e-07 -4.81329588e-07 
 8.82800000e-07 -4.81329589e-07 
 8.92800000e-07 -4.81329588e-07 
 9.02800000e-07 -4.81329589e-07 
 9.12800000e-07 -4.81329589e-07 
 9.22800000e-07 -4.81329588e-07 
 9.32800000e-07 -4.81329589e-07 
 9.42800000e-07 -4.81329588e-07 
 9.52800000e-07 -4.81329588e-07 
 9.62800000e-07 -4.81329588e-07 
 9.72800000e-07 -4.81329588e-07 
 9.82800000e-07 -4.81329588e-07 
 9.92800000e-07 -4.81329589e-07 
 1.00000000e-06 -4.81329589e-07 
 1.00100000e-06 -4.79439786e-07 
 1.00300000e-06 -4.85632266e-07 
 1.00700000e-06 -4.99308187e-07 
 1.01500000e-06 -5.32563189e-07 
 1.02500000e-06 -5.87298915e-07 
 1.03500000e-06 -6.60559225e-07 
 1.04500000e-06 -7.57933426e-07 
 1.05500000e-06 -8.86460889e-07 
 1.06500000e-06 -1.05511739e-06 
 1.07500000e-06 -1.27511759e-06 
 1.08500000e-06 -1.56048035e-06 
 1.09500000e-06 -1.92845672e-06 
 1.10500000e-06 -2.40017866e-06 
 1.11500000e-06 -3.00114220e-06 
 1.12500000e-06 -3.76183118e-06 
 1.13500000e-06 -4.71806564e-06 
 1.14500000e-06 -5.91132639e-06 
 1.15500000e-06 -7.38860726e-06 
 1.16500000e-06 -9.20203312e-06 
 1.17500000e-06 -1.14078397e-05 
 1.18500000e-06 -1.40650541e-05 
 1.19500000e-06 -1.72336298e-05 
 1.20500000e-06 -2.09725381e-05 
 1.21500000e-06 -2.53376893e-05 
 1.22500000e-06 -3.03802063e-05 
 1.23500000e-06 -3.61448324e-05 
 1.24500000e-06 -4.26688229e-05 
 1.25500000e-06 -4.99809184e-05 
 1.26500000e-06 -5.81006245e-05 
 1.27500000e-06 -6.70373912e-05 
 1.28500000e-06 -7.67900276e-05 
 1.29500000e-06 -8.73461374e-05 
 1.30500000e-06 -9.86820892e-05 
 1.31500000e-06 -1.10763388e-04 
 1.32500000e-06 -1.23541256e-04 
 1.33500000e-06 -1.36953659e-04 
 1.34500000e-06 -1.50941169e-04 
 1.35500000e-06 -1.65438417e-04 
 1.36500000e-06 -1.80380331e-04 
 1.37500000e-06 -1.95706625e-04 
 1.38500000e-06 -2.11361380e-04 
 1.39500000e-06 -2.27295759e-04 
 1.40500000e-06 -2.43470753e-04 
 1.41500000e-06 -2.59869375e-04 
 1.42500000e-06 -2.76523073e-04 
 1.43500000e-06 -2.93567224e-04 
 1.44500000e-06 -3.11444458e-04 
 1.45500000e-06 -3.31548707e-04 
 1.46500000e-06 -3.57596204e-04 
 1.47500000e-06 -3.92815181e-04 
 1.48500000e-06 -4.27605947e-04 
 1.49500000e-06 -4.35151014e-04 
 1.50500000e-06 -4.05527011e-04 
 1.51500000e-06 -3.92797590e-04 
 1.52500000e-06 -3.81333712e-04 
 1.53500000e-06 -3.42380252e-04 
 1.54500000e-06 -3.04405129e-04 
 1.55500000e-06 -3.00785370e-04 
 1.56500000e-06 -3.31038184e-04 
 1.57500000e-06 -3.77643497e-04 
 1.58500000e-06 -9.01125410e-04 
 1.59500000e-06 -8.48137305e-04 
 1.60500000e-06 -8.04147927e-04 
 1.61500000e-06 -7.75594425e-04 
 1.62500000e-06 -7.55940939e-04 
 1.63500000e-06 -7.38970936e-04 
 1.64500000e-06 -7.22931466e-04 
 1.65500000e-06 -7.07406352e-04 
 1.66500000e-06 -6.92162237e-04 
 1.67500000e-06 -6.77278242e-04 
 1.68500000e-06 -6.62668300e-04 
 1.69500000e-06 -6.48496723e-04 
 1.70500000e-06 -6.34701722e-04 
 1.71500000e-06 -6.21468871e-04 
 1.72500000e-06 -6.08741887e-04 
 1.73500000e-06 -5.96707383e-04 
 1.74500000e-06 -5.85306672e-04 
 1.75500000e-06 -5.74713384e-04 
 1.76500000e-06 -5.64857037e-04 
 1.77500000e-06 -5.55884518e-04 
 1.78500000e-06 -5.47703177e-04 
 1.79500000e-06 -5.40422128e-04 
 1.80500000e-06 -5.33920014e-04 
 1.81500000e-06 -5.28264901e-04 
 1.82500000e-06 -5.23309118e-04 
 1.83500000e-06 -5.19087171e-04 
 1.84500000e-06 -5.15437009e-04 
 1.85500000e-06 -5.12374895e-04 
 1.86500000e-06 -5.09740350e-04 
 1.87500000e-06 -5.07547014e-04 
 1.88500000e-06 -5.05648522e-04 
 1.89500000e-06 -5.04065605e-04 
 1.90500000e-06 -5.02671552e-04 
 1.91500000e-06 -5.01496946e-04 
 1.92500000e-06 -5.00434518e-04 
 1.93500000e-06 -4.99523104e-04 
 1.94500000e-06 -4.98672017e-04 
 1.95500000e-06 -4.97925270e-04 
 1.96500000e-06 -4.97205521e-04 
 1.97500000e-06 -4.96559011e-04 
 1.98500000e-06 -4.95919067e-04 
 1.99500000e-06 -4.95331839e-04 
 2.00000000e-06 -4.95026694e-04 
 2.00100000e-06 -4.94983437e-04 
 2.00300000e-06 -4.94879390e-04 
 2.00700000e-06 -4.94672616e-04 
 2.01500000e-06 -4.94258856e-04 
 2.02500000e-06 -4.93740322e-04 
 2.03500000e-06 -4.93221720e-04 
 2.04500000e-06 -4.92701719e-04 
 2.05500000e-06 -4.92181602e-04 
 2.06500000e-06 -4.91660020e-04 
 2.07500000e-06 -4.91138264e-04 
 2.08500000e-06 -4.90614983e-04 
 2.09500000e-06 -4.90091464e-04 
 2.10500000e-06 -4.89566359e-04 
 2.11500000e-06 -4.89040947e-04 
 2.12500000e-06 -4.88513890e-04 
 2.13500000e-06 -4.87986452e-04 
 2.14500000e-06 -4.87457307e-04 
 2.15500000e-06 -4.86927701e-04 
 2.16500000e-06 -4.86396326e-04 
 2.17500000e-06 -4.85864406e-04 
 2.18500000e-06 -4.85330650e-04 
 2.19500000e-06 -4.84796259e-04 
 2.20500000e-06 -4.84259961e-04 
 2.21500000e-06 -4.83722936e-04 
 2.22500000e-06 -4.83183927e-04 
 2.23500000e-06 -4.82644091e-04 
 2.24500000e-06 -4.82102191e-04 
 2.25500000e-06 -4.81559357e-04 
 2.26500000e-06 -4.81014373e-04 
 2.27500000e-06 -4.80468342e-04 
 2.28500000e-06 -4.79920068e-04 
 2.29500000e-06 -4.79370626e-04 
 2.30500000e-06 -4.78818841e-04 
 2.31500000e-06 -4.78265761e-04 
 2.32500000e-06 -4.77710228e-04 
 2.33500000e-06 -4.77153263e-04 
 2.34500000e-06 -4.76593729e-04 
 2.35500000e-06 -4.76032616e-04 
 2.36500000e-06 -4.75468808e-04 
 2.37500000e-06 -4.74903264e-04 
 2.38500000e-06 -4.74334887e-04 
 2.39500000e-06 -4.73764607e-04 
 2.40500000e-06 -4.73191346e-04 
 2.41500000e-06 -4.72616000e-04 
 2.42500000e-06 -4.72037512e-04 
 2.43500000e-06 -4.71456746e-04 
 2.44500000e-06 -4.70872663e-04 
 2.45500000e-06 -4.70286091e-04 
 2.46500000e-06 -4.69696014e-04 
 2.47500000e-06 -4.69103222e-04 
 2.48500000e-06 -4.68506720e-04 
 2.49500000e-06 -4.67907258e-04 
 2.50500000e-06 -4.67303861e-04 
 2.51500000e-06 -4.66697241e-04 
 2.52500000e-06 -4.66086444e-04 
 2.53500000e-06 -4.65472136e-04 
 2.54500000e-06 -4.64853387e-04 
 2.55500000e-06 -4.64230817e-04 
 2.56500000e-06 -4.63603517e-04 
 2.57500000e-06 -4.62972061e-04 
 2.58500000e-06 -4.62335559e-04 
 2.59500000e-06 -4.61694536e-04 
 2.60500000e-06 -4.61048124e-04 
 2.61500000e-06 -4.60396795e-04 
 2.62500000e-06 -4.59739702e-04 
 2.63500000e-06 -4.59077261e-04 
 2.64500000e-06 -4.58408646e-04 
 2.65500000e-06 -4.57734216e-04 
 2.66500000e-06 -4.57053165e-04 
 2.67500000e-06 -4.56365789e-04 
 2.68500000e-06 -4.55671305e-04 
 2.69500000e-06 -4.54969941e-04 
 2.70500000e-06 -4.54260939e-04 
 2.71500000e-06 -4.53544455e-04 
 2.72500000e-06 -4.52819752e-04 
 2.73500000e-06 -4.52086915e-04 
 2.74500000e-06 -4.51345228e-04 
 2.75500000e-06 -4.50594697e-04 
 2.76500000e-06 -4.49834633e-04 
 2.77500000e-06 -4.49064956e-04 
 2.78500000e-06 -4.48285004e-04 
 2.79500000e-06 -4.47494610e-04 
 2.80500000e-06 -4.46693139e-04 
 2.81500000e-06 -4.45880334e-04 
 2.82500000e-06 -4.45055590e-04 
 2.83500000e-06 -4.44218553e-04 
 2.84500000e-06 -4.43368654e-04 
 2.85500000e-06 -4.42505441e-04 
 2.86500000e-06 -4.41628383e-04 
 2.87500000e-06 -4.40736928e-04 
 2.88500000e-06 -4.39830589e-04 
 2.89500000e-06 -4.38908714e-04 
 2.90500000e-06 -4.37970869e-04 
 2.91500000e-06 -4.37016299e-04 
 2.92500000e-06 -4.36044634e-04 
 2.93500000e-06 -4.35055019e-04 
 2.94500000e-06 -4.34047161e-04 
 2.95500000e-06 -4.33020106e-04 
 2.96500000e-06 -4.31973651e-04 
 2.97500000e-06 -4.30906754e-04 
 2.98500000e-06 -4.29819318e-04 
 2.99500000e-06 -4.28710216e-04 
 3.00000000e-06 -4.28147701e-04 
 3.00100000e-06 -4.28042290e-04 
 3.00300000e-06 -4.27828432e-04 
 3.00700000e-06 -4.27400770e-04 
 3.01500000e-06 -4.26545154e-04 
 3.02500000e-06 -4.25479537e-04 
 3.03500000e-06 -4.24425134e-04 
 3.04500000e-06 -4.23391662e-04 
 3.05500000e-06 -4.22391300e-04 
 3.06500000e-06 -4.21439622e-04 
 3.07500000e-06 -4.20555984e-04 
 3.08500000e-06 -4.19764509e-04 
 3.09500000e-06 -4.19094713e-04 
 3.10500000e-06 -4.18582470e-04 
 3.11500000e-06 -4.18270612e-04 
 3.12500000e-06 -4.18209527e-04 
 3.13500000e-06 -4.18457119e-04 
 3.14500000e-06 -4.19078313e-04 
 3.15500000e-06 -4.20143550e-04 
 3.16500000e-06 -4.21726499e-04 
 3.17500000e-06 -4.23900705e-04 
 3.18500000e-06 -4.26735731e-04 
 3.19500000e-06 -4.30292895e-04 
 3.20500000e-06 -4.34621429e-04 
 3.21500000e-06 -4.39755297e-04 
 3.22500000e-06 -4.45711339e-04 
 3.23500000e-06 -4.52488654e-04 
 3.24500000e-06 -4.60069452e-04 
 3.25500000e-06 -4.68420862e-04 
 3.26500000e-06 -4.77497607e-04 
 3.27500000e-06 -4.87244937e-04 
 3.28500000e-06 -4.97601734e-04 
 3.29500000e-06 -5.08503372e-04 
 3.30500000e-06 -5.19884505e-04 
 3.31500000e-06 -5.31681783e-04 
 3.32500000e-06 -5.43837294e-04 
 3.33500000e-06 -5.56303967e-04 
 3.34500000e-06 -5.69056731e-04 
 3.35500000e-06 -5.82118640e-04 
 3.36500000e-06 -5.95630252e-04 
 3.37500000e-06 -6.10092787e-04 
 3.38500000e-06 -6.27169897e-04 
 3.39500000e-06 -6.53069473e-04 
 3.40500000e-06 -6.94613389e-04 
 3.41500000e-06 -7.49443029e-04 
 3.42500000e-06 -3.78885189e-04 
 3.43500000e-06 -3.30272242e-04 
 3.44500000e-06 -3.01708952e-04 
 3.45500000e-06 -3.03318352e-04 
 3.46500000e-06 -3.42900050e-04 
 3.47500000e-06 -3.80219780e-04 
 3.48500000e-06 -3.93522479e-04 
 3.49500000e-06 -4.04085171e-04 
 3.50500000e-06 -4.35556833e-04 
 3.51500000e-06 -4.26736500e-04 
 3.52500000e-06 -3.93758191e-04 
 3.53500000e-06 -3.56770893e-04 
 3.54500000e-06 -3.32391277e-04 
 3.55500000e-06 -3.10552598e-04 
 3.56500000e-06 -2.94386621e-04 
 3.57500000e-06 -2.75624395e-04 
 3.58500000e-06 -2.60683602e-04 
 3.59500000e-06 -2.42572008e-04 
 3.60500000e-06 -2.28105028e-04 
 3.61500000e-06 -2.10463497e-04 
 3.62500000e-06 -1.96511999e-04 
 3.63500000e-06 -1.79484216e-04 
 3.64500000e-06 -1.66240533e-04 
 3.65500000e-06 -1.50047171e-04 
 3.66500000e-06 -1.37752601e-04 
 3.67500000e-06 -1.22649531e-04 
 3.68500000e-06 -1.11559202e-04 
 3.69500000e-06 -9.77927146e-05 
 3.70500000e-06 -8.81388416e-05 
 3.71500000e-06 -7.59030568e-05 
 3.72500000e-06 -6.78270151e-05 
 3.73500000e-06 -5.72161017e-05 
 3.74500000e-06 -5.07674938e-05 
 3.75500000e-06 -4.17867843e-05 
 3.76500000e-06 -3.69283982e-05 
 3.77500000e-06 -2.95006855e-05 
 3.78500000e-06 -2.61182983e-05 
 3.79500000e-06 -2.00955758e-05 
 3.80500000e-06 -1.80113532e-05 
 3.81500000e-06 -1.31907044e-05 
 3.82500000e-06 -1.21827605e-05 
 3.83500000e-06 -8.33035940e-06 
 3.84500000e-06 -8.16080855e-06 
 3.85500000e-06 -5.04238928e-06 
 3.86500000e-06 -5.48762148e-06 
 3.87500000e-06 -2.89567900e-06 
 3.88500000e-06 -3.76811486e-06 
 3.89500000e-06 -1.53684442e-06 
 3.90500000e-06 -2.69289705e-06 
 3.91500000e-06 -6.99983568e-07 
 3.92500000e-06 -2.03706356e-06 
 3.93500000e-06 -1.97468183e-07 
 3.94500000e-06 -1.64594782e-06 
 3.95500000e-06  9.68621685e-08 
 3.96500000e-06 -1.41761109e-06 
 3.97500000e-06  2.64636904e-07 
 3.98500000e-06 -1.28720454e-06 
 3.99500000e-06  3.56964893e-07 
 4.00000000e-06 -1.22695712e-06 
 4.00100000e-06 -4.26763362e-07 
 4.00300000e-06 -4.20252423e-07 
 4.00700000e-06 -4.26623415e-07 
 4.01500000e-06 -4.20285314e-07 
 4.02500000e-06 -4.26770630e-07 
 4.03500000e-06 -4.20541150e-07 
 4.04500000e-06 -4.27007172e-07 
 4.05500000e-06 -4.20801710e-07 
 4.06500000e-06 -4.27248306e-07 
 4.07500000e-06 -4.21066278e-07 
 4.08500000e-06 -4.27493407e-07 
 4.09500000e-06 -4.21334759e-07 
 4.10500000e-06 -4.27742499e-07 
 4.11500000e-06 -4.21607161e-07 
 4.12500000e-06 -4.27995592e-07 
 4.13500000e-06 -4.21883502e-07 
 4.14500000e-06 -4.28252701e-07 
 4.15500000e-06 -4.22163786e-07 
 4.16500000e-06 -4.28513827e-07 
 4.17500000e-06 -4.22448019e-07 
 4.18500000e-06 -4.28778978e-07 
 4.19500000e-06 -4.22736204e-07 
 4.20500000e-06 -4.29048150e-07 
 4.21500000e-06 -4.23028336e-07 
 4.22500000e-06 -4.29321340e-07 
 4.23500000e-06 -4.23324412e-07 
 4.24500000e-06 -4.29598538e-07 
 4.25500000e-06 -4.23624418e-07 
 4.26500000e-06 -4.29879729e-07 
 4.27500000e-06 -4.23928338e-07 
 4.28500000e-06 -4.30164894e-07 
 4.29500000e-06 -4.24236150e-07 
 4.30500000e-06 -4.30454015e-07 
 4.31500000e-06 -4.24547832e-07 
 4.32500000e-06 -4.30747060e-07 
 4.33500000e-06 -4.24863357e-07 
 4.34500000e-06 -4.31043995e-07 
 4.35500000e-06 -4.25182682e-07 
 4.36500000e-06 -4.31344789e-07 
 4.37500000e-06 -4.25505772e-07 
 4.38500000e-06 -4.31649394e-07 
 4.39500000e-06 -4.25832585e-07 
 4.40500000e-06 -4.31957767e-07 
 4.41500000e-06 -4.26163068e-07 
 4.42500000e-06 -4.32269853e-07 
 4.43500000e-06 -4.26497171e-07 
 4.44500000e-06 -4.32585599e-07 
 4.45500000e-06 -4.26834839e-07 
 4.46500000e-06 -4.32904948e-07 
 4.47500000e-06 -4.27176008e-07 
 4.48500000e-06 -4.33227836e-07 
 4.49500000e-06 -4.27520614e-07 
 4.50500000e-06 -4.33554193e-07 
 4.51500000e-06 -4.27868586e-07 
 4.52500000e-06 -4.33883956e-07 
 4.53500000e-06 -4.28219860e-07 
 4.54500000e-06 -4.34217041e-07 
 4.55500000e-06 -4.28574356e-07 
 4.56500000e-06 -4.34553383e-07 
 4.57500000e-06 -4.28932000e-07 
 4.58500000e-06 -4.34892898e-07 
 4.59500000e-06 -4.29292711e-07 
 4.60500000e-06 -4.35235508e-07 
 4.61500000e-06 -4.29656404e-07 
 4.62500000e-06 -4.35581129e-07 
 4.63500000e-06 -4.30023002e-07 
 4.64500000e-06 -4.35929671e-07 
 4.65500000e-06 -4.30392413e-07 
 4.66500000e-06 -4.36281054e-07 
 4.67500000e-06 -4.30764553e-07 
 4.68500000e-06 -4.36635183e-07 
 4.69500000e-06 -4.31139330e-07 
 4.70500000e-06 -4.36991972e-07 
 4.71500000e-06 -4.31516652e-07 
 4.72500000e-06 -4.37351326e-07 
 4.73500000e-06 -4.31896434e-07 
 4.74500000e-06 -4.37713154e-07 
 4.75500000e-06 -4.32278574e-07 
 4.76500000e-06 -4.38077360e-07 
 4.77500000e-06 -4.32662979e-07 
 4.78500000e-06 -4.38443851e-07 
 4.79500000e-06 -4.33049556e-07 
 4.80500000e-06 -4.38812525e-07 
 4.81500000e-06 -4.33438204e-07 
 4.82500000e-06 -4.39183288e-07 
 4.83500000e-06 -4.33828829e-07 
 4.84500000e-06 -4.39556043e-07 
 4.85500000e-06 -4.34221330e-07 
 4.86500000e-06 -4.39930686e-07 
 4.87500000e-06 -4.34615608e-07 
 4.88500000e-06 -4.40307121e-07 
 4.89500000e-06 -4.35011562e-07 
 4.90500000e-06 -4.40685246e-07 
 4.91500000e-06 -4.35409092e-07 
 4.92500000e-06 -4.41064958e-07 
 4.93500000e-06 -4.35808097e-07 
 4.94500000e-06 -4.41446155e-07 
 4.95500000e-06 -4.36208477e-07 
 4.96500000e-06 -4.41828739e-07 
 4.97500000e-06 -4.36610125e-07 
 4.98500000e-06 -4.42212603e-07 
 4.99500000e-06 -4.37012940e-07 
 5.00500000e-06 -4.42597644e-07 
 5.01500000e-06 -4.37416821e-07 
 5.02500000e-06 -4.42983763e-07 
 5.03500000e-06 -4.37821666e-07 
 5.04500000e-06 -4.43370853e-07 
 5.05500000e-06 -4.38227368e-07 
 5.06500000e-06 -4.43758815e-07 
 5.07500000e-06 -4.38633825e-07 
 5.08500000e-06 -4.44147536e-07 
 5.09500000e-06 -4.39040939e-07 
 5.10500000e-06 -4.44536924e-07 
 5.11500000e-06 -4.39448598e-07 
 5.12500000e-06 -4.44926871e-07 
 5.13500000e-06 -4.39856707e-07 
 5.14500000e-06 -4.45317272e-07 
 5.15500000e-06 -4.40265160e-07 
 5.16500000e-06 -4.45708030e-07 
 5.17500000e-06 -4.40673856e-07 
 5.18500000e-06 -4.46099037e-07 
 5.19500000e-06 -4.41082691e-07 
 5.20500000e-06 -4.46490192e-07 
 5.21500000e-06 -4.41491565e-07 
 5.22500000e-06 -4.46881396e-07 
 5.23500000e-06 -4.41900379e-07 
 5.24500000e-06 -4.47272546e-07 
 5.25500000e-06 -4.42309028e-07 
 5.26500000e-06 -4.47663548e-07 
 5.27500000e-06 -4.42717418e-07 
 5.28500000e-06 -4.48054294e-07 
 5.29500000e-06 -4.43125444e-07 
 5.30500000e-06 -4.48444688e-07 
 5.31500000e-06 -4.43533015e-07 
 5.32500000e-06 -4.48834634e-07 
 5.33500000e-06 -4.43940028e-07 
 5.34500000e-06 -4.49224033e-07 
 5.35500000e-06 -4.44346388e-07 
 5.36500000e-06 -4.49612793e-07 
 5.37500000e-06 -4.44752003e-07 
 5.38500000e-06 -4.50000816e-07 
 5.39500000e-06 -4.45156775e-07 
 5.40500000e-06 -4.50388004e-07 
 5.41500000e-06 -4.45560615e-07 
 5.42500000e-06 -4.50774275e-07 
 5.43500000e-06 -4.45963429e-07 
 5.44500000e-06 -4.51159529e-07 
 5.45500000e-06 -4.46365124e-07 
 5.46500000e-06 -4.51543679e-07 
 5.47500000e-06 -4.46765615e-07 
 5.48500000e-06 -4.51926635e-07 
 5.49500000e-06 -4.47164814e-07 
 5.50500000e-06 -4.52308312e-07 
 5.51500000e-06 -4.47562631e-07 
 5.52500000e-06 -4.52688623e-07 
 5.53500000e-06 -4.47958985e-07 
 5.54500000e-06 -4.53067483e-07 
 5.55500000e-06 -4.48353791e-07 
 5.56500000e-06 -4.53444812e-07 
 5.57500000e-06 -4.48746967e-07 
 5.58500000e-06 -4.53820527e-07 
 5.59500000e-06 -4.49138434e-07 
 5.60500000e-06 -4.54194546e-07 
 5.61500000e-06 -4.49528112e-07 
 5.62500000e-06 -4.54566795e-07 
 5.63500000e-06 -4.49915930e-07 
 5.64500000e-06 -4.54937201e-07 
 5.65500000e-06 -4.50301809e-07 
 5.66500000e-06 -4.55305685e-07 
 5.67500000e-06 -4.50685673e-07 
 5.68500000e-06 -4.55672174e-07 
 5.69500000e-06 -4.51067457e-07 
 5.70500000e-06 -4.56036603e-07 
 5.71500000e-06 -4.51447086e-07 
 5.72500000e-06 -4.56398901e-07 
 5.73500000e-06 -4.51824501e-07 
 5.74500000e-06 -4.56759000e-07 
 5.75500000e-06 -4.52199631e-07 
 5.76500000e-06 -4.57116839e-07 
 5.77500000e-06 -4.52572416e-07 
 5.78500000e-06 -4.57472355e-07 
 5.79500000e-06 -4.52942792e-07 
 5.80500000e-06 -4.57825486e-07 
 5.81500000e-06 -4.53310700e-07 
 5.82500000e-06 -4.58176176e-07 
 5.83500000e-06 -4.53676086e-07 
 5.84500000e-06 -4.58524366e-07 
 5.85500000e-06 -4.54038893e-07 
 5.86500000e-06 -4.58870005e-07 
 5.87500000e-06 -4.54399070e-07 
 5.88500000e-06 -4.59213041e-07 
 5.89500000e-06 -4.54756566e-07 
 5.90500000e-06 -4.59553421e-07 
 5.91500000e-06 -4.55111330e-07 
 5.92500000e-06 -4.59891103e-07 
 5.93500000e-06 -4.55463316e-07 
 5.94500000e-06 -4.60226036e-07 
 5.95500000e-06 -4.55812482e-07 
 5.96500000e-06 -4.60558179e-07 
 5.97500000e-06 -4.56158783e-07 
 5.98500000e-06 -4.60887491e-07 
 5.99500000e-06 -4.56502183e-07 
 6.00000000e-06 -4.61126784e-07 
 6.00100000e-06 -4.56996566e-07 
 6.00300000e-06 -4.63203196e-07 
 6.00700000e-06 -4.76964709e-07 
 6.01500000e-06 -5.10333461e-07 
 6.02500000e-06 -5.65253395e-07 
 6.03500000e-06 -6.38659305e-07 
 6.04500000e-06 -7.36216159e-07 
 6.05500000e-06 -8.64887786e-07 
 6.06500000e-06 -1.03372537e-06 
 6.07500000e-06 -1.25386830e-06 
 6.08500000e-06 -1.53941055e-06 
 6.09500000e-06 -1.90752817e-06 
 6.10500000e-06 -2.37942801e-06 
 6.11500000e-06 -2.98053133e-06 
 6.12500000e-06 -3.74139660e-06 
 6.13500000e-06 -4.69776935e-06 
 6.14500000e-06 -5.89120476e-06 
 6.15500000e-06 -7.36862241e-06 
 6.16500000e-06 -9.18222131e-06 
 6.17500000e-06 -1.13881631e-05 
 6.18500000e-06 -1.40455489e-05 
 6.19500000e-06 -1.72142584e-05 
 6.20500000e-06 -2.09533364e-05 
 6.21500000e-06 -2.53186199e-05 
 6.22500000e-06 -3.03613049e-05 
 6.23500000e-06 -3.61260617e-05 
 6.24500000e-06 -4.26502186e-05 
 6.25500000e-06 -4.99624432e-05 
 6.26500000e-06 -5.80823140e-05 
 6.27500000e-06 -6.70192083e-05 
 6.28500000e-06 -7.67720078e-05 
 6.29500000e-06 -8.73282435e-05 
 6.30500000e-06 -9.86643567e-05 
 6.31500000e-06 -1.10745780e-04 
 6.32500000e-06 -1.23523808e-04 
 6.33500000e-06 -1.36936333e-04 
 6.34500000e-06 -1.50924001e-04 
 6.35500000e-06 -1.65421371e-04 
 6.36500000e-06 -1.80363441e-04 
 6.37500000e-06 -1.95689855e-04 
 6.38500000e-06 -2.11344764e-04 
 6.39500000e-06 -2.27279262e-04 
 6.40500000e-06 -2.43454408e-04 
 6.41500000e-06 -2.59853147e-04 
 6.42500000e-06 -2.76506995e-04 
 6.43500000e-06 -2.93551261e-04 
 6.44500000e-06 -3.11428645e-04 
 6.45500000e-06 -3.31533006e-04 
 6.46500000e-06 -3.57580647e-04 
 6.47500000e-06 -3.92799720e-04 
 6.48500000e-06 -4.27590590e-04 
 6.49500000e-06 -4.35135776e-04 
 6.50500000e-06 -4.05511964e-04 
 6.51500000e-06 -3.92782661e-04 
 6.52500000e-06 -3.81318924e-04 
 6.53500000e-06 -3.42365573e-04 
 6.54500000e-06 -3.04390588e-04 
 6.55500000e-06 -3.00770932e-04 
 6.56500000e-06 -3.31023855e-04 
 6.57500000e-06 -3.77628712e-04 
 6.58500000e-06 -8.93195891e-04 
 6.59500000e-06 -8.40152836e-04 
 6.60500000e-06 -7.96180841e-04 
 6.61500000e-06 -7.67631280e-04 
 6.62500000e-06 -7.47992735e-04 
 6.63500000e-06 -7.31025314e-04 
 6.64500000e-06 -7.14998799e-04 
 6.65500000e-06 -6.99474401e-04 
 6.66500000e-06 -6.84241457e-04 
 6.67500000e-06 -6.69356328e-04 
 6.68500000e-06 -6.54755978e-04 
 6.69500000e-06 -6.40581511e-04 
 6.70500000e-06 -6.26794682e-04 
 6.71500000e-06 -6.13557287e-04 
 6.72500000e-06 -6.00837188e-04 
 6.73500000e-06 -5.88796588e-04 
 6.74500000e-06 -5.77401585e-04 
 6.75500000e-06 -5.66800741e-04 
 6.76500000e-06 -5.56949019e-04 
 6.77500000e-06 -5.47967571e-04 
 6.78500000e-06 -5.39789851e-04 
 6.79500000e-06 -5.32498575e-04 
 6.80500000e-06 -5.25999145e-04 
 6.81500000e-06 -5.20332572e-04 
 6.82500000e-06 -5.15378592e-04 
 6.83500000e-06 -5.11144002e-04 
 6.84500000e-06 -5.07494807e-04 
 6.85500000e-06 -5.04418910e-04 
 6.86500000e-06 -5.01784532e-04 
 6.87500000e-06 -4.99576303e-04 
 6.88500000e-06 -4.97677204e-04 
 6.89500000e-06 -4.96078306e-04 
 6.90500000e-06 -4.94682889e-04 
 6.91500000e-06 -4.93491222e-04 
 6.92500000e-06 -4.92426683e-04 
 6.93500000e-06 -4.91497129e-04 
 6.94500000e-06 -4.90643186e-04 
 6.95500000e-06 -4.89877209e-04 
 6.96500000e-06 -4.89153853e-04 
 6.97500000e-06 -4.88487004e-04 
 6.98500000e-06 -4.87842691e-04 
 6.99500000e-06 -4.87233988e-04 
 7.00000000e-06 -4.86930548e-04 
 7.00100000e-06 -4.86881698e-04 
 7.00300000e-06 -4.86774898e-04 
 7.00700000e-06 -4.86562597e-04 
 7.01500000e-06 -4.86137488e-04 
 7.02500000e-06 -4.85604375e-04 
 7.03500000e-06 -4.85070622e-04 
 7.04500000e-06 -4.84534998e-04 
 7.05500000e-06 -4.83998662e-04 
 7.06500000e-06 -4.83460365e-04 
 7.07500000e-06 -4.82921270e-04 
 7.08500000e-06 -4.82380124e-04 
 7.09500000e-06 -4.81838084e-04 
 7.10500000e-06 -4.81293902e-04 
 7.11500000e-06 -4.80748719e-04 
 7.12500000e-06 -4.80201300e-04 
 7.13500000e-06 -4.79652763e-04 
 7.14500000e-06 -4.79101890e-04 
 7.15500000e-06 -4.78549776e-04 
 7.16500000e-06 -4.77995217e-04 
 7.17500000e-06 -4.77439283e-04 
 7.18500000e-06 -4.76880790e-04 
 7.19500000e-06 -4.76320777e-04 
 7.20500000e-06 -4.75758082e-04 
 7.21500000e-06 -4.75193713e-04 
 7.22500000e-06 -4.74626526e-04 
 7.23500000e-06 -4.74057501e-04 
 7.24500000e-06 -4.73485514e-04 
 7.25500000e-06 -4.72911510e-04 
 7.26500000e-06 -4.72334386e-04 
 7.27500000e-06 -4.71755055e-04 
 7.28500000e-06 -4.71172433e-04 
 7.29500000e-06 -4.70587399e-04 
 7.30500000e-06 -4.69998889e-04 
 7.31500000e-06 -4.69407743e-04 
 7.32500000e-06 -4.68812921e-04 
 7.33500000e-06 -4.68215224e-04 
 7.34500000e-06 -4.67613632e-04 
 7.35500000e-06 -4.67008906e-04 
 7.36500000e-06 -4.66400047e-04 
 7.37500000e-06 -4.65787773e-04 
 7.38500000e-06 -4.65171109e-04 
 7.39500000e-06 -4.64550724e-04 
 7.40500000e-06 -4.63925667e-04 
 7.41500000e-06 -4.63296562e-04 
 7.42500000e-06 -4.62662475e-04 
 7.43500000e-06 -4.62023982e-04 
 7.44500000e-06 -4.61380174e-04 
 7.45500000e-06 -4.60731570e-04 
 7.46500000e-06 -4.60077284e-04 
 7.47500000e-06 -4.59417782e-04 
 7.48500000e-06 -4.58752197e-04 
 7.49500000e-06 -4.58080937e-04 
 7.50500000e-06 -4.57403158e-04 
 7.51500000e-06 -4.56719205e-04 
 7.52500000e-06 -4.56028258e-04 
 7.53500000e-06 -4.55330593e-04 
 7.54500000e-06 -4.54625414e-04 
 7.55500000e-06 -4.53912928e-04 
 7.56500000e-06 -4.53192362e-04 
 7.57500000e-06 -4.52463848e-04 
 7.58500000e-06 -4.51726638e-04 
 7.59500000e-06 -4.50980785e-04 
 7.60500000e-06 -4.50225565e-04 
 7.61500000e-06 -4.49460949e-04 
 7.62500000e-06 -4.48686240e-04 
 7.63500000e-06 -4.47901322e-04 
 7.64500000e-06 -4.47105525e-04 
 7.65500000e-06 -4.46298641e-04 
 7.66500000e-06 -4.45480033e-04 
 7.67500000e-06 -4.44649395e-04 
 7.68500000e-06 -4.43806127e-04 
 7.69500000e-06 -4.42949823e-04 
 7.70500000e-06 -4.42079922e-04 
 7.71500000e-06 -4.41195917e-04 
 7.72500000e-06 -4.40297290e-04 
 7.73500000e-06 -4.39383432e-04 
 7.74500000e-06 -4.38453879e-04 
 7.75500000e-06 -4.37507918e-04 
 7.76500000e-06 -4.36545146e-04 
 7.77500000e-06 -4.35564748e-04 
 7.78500000e-06 -4.34566395e-04 
 7.79500000e-06 -4.33549173e-04 
 7.80500000e-06 -4.32512841e-04 
 7.81500000e-06 -4.31456390e-04 
 7.82500000e-06 -4.30379684e-04 
 7.83500000e-06 -4.29281628e-04 
 7.84500000e-06 -4.28162205e-04 
 7.85500000e-06 -4.27020244e-04 
 7.86500000e-06 -4.25855870e-04 
 7.87500000e-06 -4.24667842e-04 
 7.88500000e-06 -4.23456449e-04 
 7.89500000e-06 -4.22220393e-04 
 7.90500000e-06 -4.20960142e-04 
 7.91500000e-06 -4.19674357e-04 
 7.92500000e-06 -4.18363702e-04 
 7.93500000e-06 -4.17026803e-04 
 7.94500000e-06 -4.15664541e-04 
 7.95500000e-06 -4.14275512e-04 
 7.96500000e-06 -4.12860823e-04 
 7.97500000e-06 -4.11419050e-04 
 7.98500000e-06 -4.09951529e-04 
 7.99500000e-06 -4.08456816e-04 
 8.00000000e-06 -4.07700133e-04 
 8.00100000e-06 -4.07555614e-04 
 8.00300000e-06 -4.07263621e-04 
 8.00700000e-06 -4.06679228e-04 
 8.01500000e-06 -4.05508439e-04 
 8.02500000e-06 -4.04046112e-04 
 8.03500000e-06 -4.02592614e-04 
 8.04500000e-06 -4.01158394e-04 
 8.05500000e-06 -3.99756368e-04 
 8.06500000e-06 -3.98402855e-04 
 8.07500000e-06 -3.97117952e-04 
 8.08500000e-06 -3.95926518e-04 
 8.09500000e-06 -3.94858779e-04 
 8.10500000e-06 -3.93951311e-04 
 8.11500000e-06 -3.93247611e-04 
 8.12500000e-06 -3.92798708e-04 
 8.13500000e-06 -3.92663106e-04 
 8.14500000e-06 -3.92906297e-04 
 8.15500000e-06 -3.93599243e-04 
 8.16500000e-06 -3.94816096e-04 
 8.17500000e-06 -3.96630835e-04 
 8.18500000e-06 -3.99113417e-04 
 8.19500000e-06 -4.02325507e-04 
 8.20500000e-06 -4.06316644e-04 
 8.21500000e-06 -4.11121051e-04 
 8.22500000e-06 -4.16755794e-04 
 8.23500000e-06 -4.23220155e-04 
 8.24500000e-06 -4.30496495e-04 
 8.25500000e-06 -4.38552055e-04 
 8.26500000e-06 -4.47341647e-04 
 8.27500000e-06 -4.56810575e-04 
 8.28500000e-06 -4.66897758e-04 
 8.29500000e-06 -4.77538575e-04 
 8.30500000e-06 -4.88667674e-04 
 8.31500000e-06 -5.00221678e-04 
 8.32500000e-06 -5.12142634e-04 
 8.33500000e-06 -5.24383417e-04 
 8.34500000e-06 -5.36918897e-04 
 8.35500000e-06 -5.49772062e-04 
 8.36500000e-06 -5.63083413e-04 
 8.37500000e-06 -5.77354148e-04 
 8.38500000e-06 -5.94248073e-04 
 8.39500000e-06 -6.19974365e-04 
 8.40500000e-06 -6.61365532e-04 
 8.41500000e-06 -7.16929378e-04 
 8.42500000e-06 -3.78884765e-04 
 8.43500000e-06 -3.30270682e-04 
 8.44500000e-06 -3.01708565e-04 
 8.45500000e-06 -3.03316753e-04 
 8.46500000e-06 -3.42899641e-04 
 8.47500000e-06 -3.80218164e-04 
 8.48500000e-06 -3.93522049e-04 
 8.49500000e-06 -4.04083537e-04 
 8.50500000e-06 -4.35556376e-04 
 8.51500000e-06 -4.26734844e-04 
 8.52500000e-06 -3.93757714e-04 
 8.53500000e-06 -3.56769223e-04 
 8.54500000e-06 -3.32390778e-04 
 8.55500000e-06 -3.10550910e-04 
 8.56500000e-06 -2.94386099e-04 
 8.57500000e-06 -2.75622688e-04 
 8.58500000e-06 -2.60683058e-04 
 8.59500000e-06 -2.42570282e-04 
 8.60500000e-06 -2.28104460e-04 
 8.61500000e-06 -2.10461751e-04 
 8.62500000e-06 -1.96511409e-04 
 8.63500000e-06 -1.79482450e-04 
 8.64500000e-06 -1.66239920e-04 
 8.65500000e-06 -1.50045385e-04 
 8.66500000e-06 -1.37751963e-04 
 8.67500000e-06 -1.22647725e-04 
 8.68500000e-06 -1.11558540e-04 
 8.69500000e-06 -9.77908877e-05 
 8.70500000e-06 -8.81381546e-05 
 8.71500000e-06 -7.59012088e-05 
 8.72500000e-06 -6.78263031e-05 
 8.73500000e-06 -5.72142321e-05 
 8.74500000e-06 -5.07667564e-05 
 8.75500000e-06 -4.17848930e-05 
 8.76500000e-06 -3.69276352e-05 
 8.77500000e-06 -2.94987720e-05 
 8.78500000e-06 -2.61175096e-05 
 8.79500000e-06 -2.00936399e-05 
 8.80500000e-06 -1.80105383e-05 
 8.81500000e-06 -1.31887458e-05 
 8.82500000e-06 -1.21819193e-05 
 8.83500000e-06 -8.32837772e-06 
 8.84500000e-06 -8.15994077e-06 
 8.85500000e-06 -5.04038425e-06 
 8.86500000e-06 -5.48672687e-06 
 8.87500000e-06 -2.89365032e-06 
 8.88500000e-06 -3.76719317e-06 
 8.89500000e-06 -1.53479179e-06 
 8.90500000e-06 -2.69194805e-06 
 8.91500000e-06 -6.97906716e-07 
 8.92500000e-06 -2.03608701e-06 
 8.93500000e-06 -1.95366815e-07 
 8.94500000e-06 -1.64494348e-06 
 8.95500000e-06  9.89883221e-08 
 8.96500000e-06 -1.41657875e-06 
 8.97500000e-06  2.66788110e-07 
 8.98500000e-06 -1.28614397e-06 
 8.99500000e-06  3.59141408e-07 
 9.00000000e-06 -1.22587307e-06 
 9.00100000e-06 -4.25130135e-07 
 9.00300000e-06 -4.18614033e-07 
 9.00700000e-06 -4.24981644e-07 
 9.01500000e-06 -4.18629947e-07 
 9.02500000e-06 -4.25104390e-07 
 9.03500000e-06 -4.18858519e-07 
 9.04500000e-06 -4.25313547e-07 
 9.05500000e-06 -4.19091608e-07 
 9.06500000e-06 -4.25527101e-07 
 9.07500000e-06 -4.19328515e-07 
 9.08500000e-06 -4.25744436e-07 
 9.09500000e-06 -4.19569156e-07 
 9.10500000e-06 -4.25965591e-07 
 9.11500000e-06 -4.19813558e-07 
 9.12500000e-06 -4.26190597e-07 
 9.13500000e-06 -4.20061752e-07 
 9.14500000e-06 -4.26419481e-07 
 9.15500000e-06 -4.20313766e-07 
 9.16500000e-06 -4.26652267e-07 
 9.17500000e-06 -4.20569623e-07 
 9.18500000e-06 -4.26888984e-07 
 9.19500000e-06 -4.20829347e-07 
 9.20500000e-06 -4.27129651e-07 
 9.21500000e-06 -4.21092962e-07 
 9.22500000e-06 -4.27374286e-07 
 9.23500000e-06 -4.21360480e-07 
 9.24500000e-06 -4.27622908e-07 
 9.25500000e-06 -4.21631922e-07 
 9.26500000e-06 -4.27875531e-07 
 9.27500000e-06 -4.21907299e-07 
 9.28500000e-06 -4.28132165e-07 
 9.29500000e-06 -4.22186620e-07 
 9.30500000e-06 -4.28392816e-07 
 9.31500000e-06 -4.22469891e-07 
 9.32500000e-06 -4.28657491e-07 
 9.33500000e-06 -4.22757116e-07 
 9.34500000e-06 -4.28926184e-07 
 9.35500000e-06 -4.23048288e-07 
 9.36500000e-06 -4.29198898e-07 
 9.37500000e-06 -4.23343404e-07 
 9.38500000e-06 -4.29475619e-07 
 9.39500000e-06 -4.23642456e-07 
 9.40500000e-06 -4.29756338e-07 
 9.41500000e-06 -4.23945425e-07 
 9.42500000e-06 -4.30041033e-07 
 9.43500000e-06 -4.24252294e-07 
 9.44500000e-06 -4.30329685e-07 
 9.45500000e-06 -4.24563035e-07 
 9.46500000e-06 -4.30622268e-07 
 9.47500000e-06 -4.24877624e-07 
 9.48500000e-06 -4.30918747e-07 
 9.49500000e-06 -4.25196024e-07 
 9.50500000e-06 -4.31219088e-07 
 9.51500000e-06 -4.25518197e-07 
 9.52500000e-06 -4.31523250e-07 
 9.53500000e-06 -4.25844099e-07 
 9.54500000e-06 -4.31831184e-07 
 9.55500000e-06 -4.26173685e-07 
 9.56500000e-06 -4.32142843e-07 
 9.57500000e-06 -4.26506901e-07 
 9.58500000e-06 -4.32458173e-07 
 9.59500000e-06 -4.26843691e-07 
 9.60500000e-06 -4.32777115e-07 
 9.61500000e-06 -4.27183995e-07 
 9.62500000e-06 -4.33099605e-07 
 9.63500000e-06 -4.27527749e-07 
 9.64500000e-06 -4.33425577e-07 
 9.65500000e-06 -4.27874884e-07 
 9.66500000e-06 -4.33754964e-07 
 9.67500000e-06 -4.28225334e-07 
 9.68500000e-06 -4.34087691e-07 
 9.69500000e-06 -4.28579019e-07 
 9.70500000e-06 -4.34423685e-07 
 9.71500000e-06 -4.28935866e-07 
 9.72500000e-06 -4.34762867e-07 
 9.73500000e-06 -4.29295797e-07 
 9.74500000e-06 -4.35105157e-07 
 9.75500000e-06 -4.29658727e-07 
 9.76500000e-06 -4.35450468e-07 
 9.77500000e-06 -4.30024577e-07 
 9.78500000e-06 -4.35798722e-07 
 9.79500000e-06 -4.30393256e-07 
 9.80500000e-06 -4.36149828e-07 
 9.81500000e-06 -4.30764680e-07 
 9.82500000e-06 -4.36503697e-07 
 9.83500000e-06 -4.31138760e-07 
 9.84500000e-06 -4.36860243e-07 
 9.85500000e-06 -4.31515404e-07 
 9.86500000e-06 -4.37219367e-07 
 9.87500000e-06 -4.31894519e-07 
 9.88500000e-06 -4.37580985e-07 
 9.89500000e-06 -4.32276015e-07 
 9.90500000e-06 -4.37944995e-07 
 9.91500000e-06 -4.32659792e-07 
 9.92500000e-06 -4.38311302e-07 
 9.93500000e-06 -4.33045761e-07 
 9.94500000e-06 -4.38679815e-07 
 9.95500000e-06 -4.33433818e-07 
 9.96500000e-06 -4.39050433e-07 
 9.97500000e-06 -4.33823870e-07 
 9.98500000e-06 -4.39423056e-07 
 9.99500000e-06 -4.34215819e-07 
 1.00000000e-05 -4.39696912e-07 
